684	11184
4221	14721
2765	13265
22364	38452
4456	14956
7776	18276
8305	18805
3680	14180
6128	16628
23023	38215
25484	36986
23111	35107
9672	20172
304	10804
25007	36822
8940	19440
5495	15995
4578	15078
23775	37899
22477	38156
7610	18110
21066	37401
1365	11865
4845	15345
3338	13838
25235	35268
21285	35597
486	10986
21595	38767
10151	20651
1120	11620
24057	36411
21041	37336
10020	20520
7452	17952
22699	36763
794	11294
6283	16783
4511	15011
6858	17358
9849	20349
8182	18682
24403	38483
8270	18770
22729	37574
1616	12116
2445	12945
24987	38216
2752	13252
4142	14642
23838	35416
8775	19275
5124	15624
6930	17430
412	10912
8489	18989
25420	34753
9081	19581
25169	38080
8179	18679
4118	14618
5951	16451
1562	12062
7013	17513
1572	12072
25228	38535
2339	12839
9607	20107
22127	34522
21809	37334
21632	37153
8872	19372
9461	19961
3718	14218
5096	15596
8302	18802
24346	36170
5434	15934
24334	36398
22502	38553
4545	15045
1371	11871
4863	15363
22243	38234
4084	14584
3808	14308
24024	36657
5263	15763
6645	17145
7953	18453
9610	20110
5033	15533
9855	20355
295	10795
1989	12489
9825	20325
8494	18994
8608	19108
1987	12487
21578	38736
9435	19935
23205	38616
21498	35693
3696	14196
3381	13881
2596	13096
4652	15152
5588	16088
5768	16268
22870	37881
6063	16563
6151	16651
3645	14145
22025	37710
5381	15881
4920	15420
2224	12724
32	10532
6389	16889
25357	36143
3201	13701
5062	15562
6753	17253
1443	11943
10349	20849
25271	36021
8445	18945
23283	36458
9484	19984
6975	17475
22028	37709
8895	19395
1264	11764
6159	16659
5804	16304
338	10838
22380	37243
6003	16503
21046	38620
7901	18401
1292	11792
24513	35632
5470	15970
3383	13883
25350	37135
5284	15784
6082	16582
23867	37758
4618	15118
5775	16275
22653	37017
22824	37007
21007	37791
3946	14446
4097	14597
24495	36496
4015	14515
7734	18234
21985	38034
24450	38052
8350	18850
4741	15241
9116	19616
3583	14083
23101	37657
7687	18187
21945	37681
7116	17616
22807	35841
21838	38446
7424	17924
4945	15445
6310	16810
23256	37434
5703	16203
21680	36101
24	10524
3359	13859
24808	35910
2557	13057
25442	37585
5802	16302
1799	12299
6828	17328
2634	13134
4547	15047
5445	15945
5913	16413
10054	20554
2365	12865
1167	11667
695	11195
1641	12141
2025	12525
9552	20052
21310	37866
6288	16788
3495	13995
4195	14695
807	11307
8485	18985
1379	11879
100	10600
6424	16924
6139	16639
24386	37640
4496	14996
1725	12225
855	11355
2741	13241
4476	14976
3646	14146
4482	14982
9371	19871
8554	19054
9599	20099
2043	12543
21306	35748
21970	37065
10470	20970
4989	15489
24620	35214
3543	14043
22868	34606
8977	19477
9058	19558
272	10772
9793	20293
25249	36106
5612	16112
7754	18254
21079	38041
22119	38212
9267	19767
3501	14001
23939	35197
10492	20992
24100	35870
1779	12279
4757	15257
4492	14992
7065	17565
785	11285
3768	14268
25300	38171
7676	18176
7966	18466
2178	12678
8829	19329
7744	18244
2269	12769
3106	13606
9133	19633
4762	15262
6341	16841
9726	20226
22657	35764
6250	16750
4410	14910
23583	36863
22647	36596
1967	12467
8058	18558
1346	11846
9627	20127
22583	35459
23642	37005
1532	12032
6427	16927
21387	38913
25313	34673
3520	14020
2543	13043
843	11343
6967	17467
21174	34766
10478	20978
4323	14823
25413	37042
23547	37427
23712	37851
24678	35929
3702	14202
25330	38189
8731	19231
8597	19097
4269	14769
859	11359
24262	35736
6996	17496
10376	20876
10116	20616
23351	34547
5164	15664
5419	15919
732	11232
2704	13204
4303	14803
1410	11910
6976	17476
5473	15973
8431	18931
3038	13538
4574	15074
24842	35499
6882	17382
1998	12498
23890	35488
4986	15486
10198	20698
9805	20305
4542	15042
92	10592
25018	36794
6432	16932
22707	37694
3586	14086
22171	38230
1102	11602
23831	34806
5627	16127
1344	11844
5056	15556
560	11060
6271	16771
1055	11555
8361	18861
7448	17948
8204	18704
1556	12056
24101	36809
3515	14015
25190	35950
8012	18512
23694	34748
1527	12027
9123	19623
2192	12692
5541	16041
4766	15266
247	10747
22794	36004
25162	36452
10416	20916
1027	11527
6204	16704
5764	16264
22224	36862
3310	13810
25299	35523
10272	20772
5444	15944
4301	14801
1386	11886
5205	15705
955	11455
10359	20859
4598	15098
24964	37754
700	11200
7544	18044
23083	37521
22074	38333
8411	18911
43	10543
6761	17261
4702	15202
2853	13353
1795	12295
6885	17385
2139	12639
23665	36605
2638	13138
22850	35451
21389	36264
1179	11679
367	10867
765	11265
8573	19073
25247	37661
2460	12960
7115	17615
1062	11562
5915	16415
2398	12898
9074	19574
7162	17662
8219	18719
24219	35808
7924	18424
5504	16004
24073	35498
4068	14568
25221	38692
2201	12701
5393	15893
3092	13592
5008	15508
22022	38819
2901	13401
6314	16814
21898	35686
21745	38878
4359	14859
22676	35090
7618	18118
24777	35159
24019	36407
1313	11813
3978	14478
5112	15612
3777	14277
7604	18104
4550	15050
4039	14539
4246	14746
7992	18492
5448	15948
24648	37344
25415	38366
2834	13334
9083	19583
4570	15070
3330	13830
4119	14619
23089	36684
5128	15628
5097	15597
2367	12867
6291	16791
10310	20810
23999	37172
23921	35559
7844	18344
21550	36618
9558	20058
763	11263
23768	35683
3115	13615
21072	38131
4648	15148
7258	17758
628	11128
313	10813
4263	14763
24743	36851
862	11362
25465	38857
8046	18546
1583	12083
8346	18846
7110	17610
21024	38160
23734	37981
21467	38447
1966	12466
8212	18712
1334	11834
25387	35984
9785	20285
7314	17814
3527	14027
9324	19824
10391	20891
3846	14346
9909	20409
9493	19993
9421	19921
6705	17205
7766	18266
3620	14120
21290	34574
7123	17623
5841	16341
2851	13351
6920	17420
753	11253
21863	37147
23857	38107
4650	15150
168	10668
3787	14287
5963	16463
1235	11735
25449	36821
7516	18016
24781	37069
6219	16719
1325	11825
24770	34472
22518	38471
2818	13318
22967	35158
23943	34760
21610	37750
5836	16336
9466	19966
6366	16866
3891	14391
2840	13340
2998	13498
2864	13364
3977	14477
5900	16400
2990	13490
9285	19785
23178	38057
8526	19026
5922	16422
160	10660
2859	13359
5221	15721
23281	36872
24418	36664
22454	38267
21811	35097
21085	37273
21370	36068
23995	38795
22344	37816
976	11476
1475	11975
6176	16676
10100	20600
22315	34769
21221	34954
24207	38703
439	10939
22977	38743
7054	17554
1090	11590
24570	38647
23674	35435
3001	13501
5853	16353
1254	11754
1768	12268
6382	16882
4944	15444
664	11164
23441	36849
8143	18643
2090	12590
22529	38914
1470	11970
21008	34862
7120	17620
21023	38829
22842	34839
663	11163
10457	20957
7994	18494
2478	12978
9846	20346
5600	16100
23439	34974
7850	18350
1455	11955
8638	19138
7630	18130
7995	18495
21394	38466
9017	19517
2285	12785
24040	35223
4663	15163
6064	16564
25039	38465
25222	35430
24139	37767
1494	11994
22037	35781
24045	38058
7632	18132
8558	19058
8839	19339
7763	18263
9001	19501
2692	13192
458	10958
23629	37811
24400	34662
24027	35388
2030	12530
5238	15738
3905	14405
24724	35379
3590	14090
56	10556
1213	11713
9439	19939
9683	20183
8908	19408
5029	15529
6166	16666
7582	18082
21286	37723
216	10716
3297	13797
5658	16158
2892	13392
9193	19693
7959	18459
4397	14897
22434	35600
8807	19307
8867	19367
716	11216
4209	14709
5675	16175
1862	12362
549	11049
25225	37491
10452	20952
24767	36380
24432	38821
6561	17061
21784	36691
3180	13680
213	10713
3300	13800
2076	12576
3988	14488
22405	35082
1877	12377
914	11414
2320	12820
6438	16938
21575	35689
24469	34873
6460	16960
3979	14479
24224	38053
3825	14325
7163	17663
24087	37261
6349	16849
9807	20307
23860	38542
767	11267
6293	16793
22849	34888
8188	18688
3269	13769
22248	36537
21098	37517
10243	20743
3524	14024
7920	18420
24841	36192
1943	12443
9811	20311
2212	12712
23501	36559
1920	12420
6718	17218
8801	19301
9236	19736
22346	37280
22930	34722
9087	19587
7356	17856
5489	15989
1756	12256
826	11326
7549	18049
5310	15810
25424	36291
3336	13836
4879	15379
8483	18983
8371	18871
25032	38725
9732	20232
1635	12135
8006	18506
4213	14713
582	11082
3127	13627
21109	34661
2958	13458
24197	37955
23579	38440
3438	13938
7801	18301
2386	12886
25167	35895
21495	35885
22027	37717
25438	34530
22954	36772
5908	16408
24778	37933
23669	35777
25380	38111
22812	37421
22032	34883
23713	37469
3685	14185
306	10806
8209	18709
23265	36139
6173	16673
21412	35403
666	11166
9179	19679
23931	35506
9544	20044
22492	36235
21005	35022
23233	34533
9327	19827
6868	17368
326	10826
5057	15557
5956	16456
4257	14757
5538	16038
9719	20219
23951	37906
9810	20310
3047	13547
10229	20729
285	10785
2348	12848
2946	13446
8687	19187
23299	35080
24239	34628
24256	38923
24006	35304
2147	12647
6387	16887
869	11369
5518	16018
24159	36683
22966	34731
1935	12435
3112	13612
6085	16585
9939	20439
661	11161
23098	35879
23971	38596
24462	36602
2355	12855
24441	38493
10094	20594
24199	36279
10271	20771
23268	36377
5923	16423
23016	35464
23329	35113
8532	19032
24455	36996
3315	13815
21687	35882
5686	16186
24883	37126
1462	11962
1621	12121
6985	17485
24969	36166
8108	18608
24039	36286
3866	14366
23384	38525
1519	12019
7159	17659
9120	19620
9639	20139
10224	20724
3339	13839
21983	38150
9260	19760
7483	17983
2177	12677
6312	16812
4043	14543
1491	11991
22547	37714
9714	20214
8833	19333
8367	18867
2165	12665
9916	20416
7242	17742
8855	19355
3794	14294
25321	35650
2207	12707
6588	17088
22221	36669
24380	36930
10065	20565
21585	37659
9071	19571
6933	17433
2684	13184
21832	35437
6935	17435
3427	13927
772	11272
24053	34921
6195	16695
22324	37141
9481	19981
463	10963
23841	36155
10451	20951
23560	35458
5280	15780
7308	17808
24783	37691
21857	36528
445	10945
3125	13625
10210	20710
380	10880
23813	35328
488	10988
8028	18528
670	11170
21869	37776
6993	17493
2643	13143
4351	14851
24548	36656
3371	13871
3788	14288
5725	16225
6953	17453
3778	14278
4055	14555
7691	18191
25417	38578
8942	19442
4210	14710
21048	38536
21004	38022
25019	36770
24615	37467
2943	13443
8060	18560
8394	18894
23160	38192
21814	34641
9988	20488
1832	12332
23190	34871
6469	16969
5241	15741
3012	13512
23617	37409
21968	34704
23399	34951
25188	38495
4891	15391
1225	11725
8241	18741
22396	36827
4925	15425
23821	37891
851	11351
7647	18147
1620	12120
24784	36614
7783	18283
5082	15582
6837	17337
5166	15666
10088	20588
25085	34835
22479	36603
6062	16562
7440	17940
8650	19150
7892	18392
25048	35712
2651	13151
1704	12204
2396	12896
1541	12041
7747	18247
21487	36653
7879	18379
5901	16401
22855	36907
1745	12245
4770	15270
2989	13489
3147	13647
22904	35672
6634	17134
3154	13654
24677	38901
24726	35718
4638	15138
3640	14140
4004	14504
8151	18651
6534	17034
9657	20157
24222	35603
22004	36062
2422	12922
3679	14179
8747	19247
1977	12477
6051	16551
1189	11689
4229	14729
24542	37236
6651	17151
25383	37912
7139	17639
1669	12169
600	11100
23174	38808
24331	37015
4100	14600
21852	36091
5738	16238
21953	37505
3647	14147
22439	35116
4048	14548
2928	13428
4552	15052
7505	18005
22020	34627
24007	37208
25136	38554
9273	19773
5822	16322
22781	35640
3888	14388
23457	36718
24465	34907
4051	14551
2685	13185
21349	37911
21396	37061
22013	34717
564	11064
303	10803
7530	18030
975	11475
24624	37358
22153	38424
2711	13211
21026	37670
3206	13706
23836	35899
23492	37113
9034	19534
2098	12598
9008	19508
21170	35443
4471	14971
418	10918
8595	19095
7842	18342
10277	20777
3107	13607
21621	37988
2920	13420
24801	38572
21591	35872
4939	15439
24286	34604
10213	20713
7934	18434
2234	12734
1921	12421
2793	13293
4588	15088
9543	20043
5079	15579
6375	16875
21136	37977
25217	35387
5491	15991
24233	35088
23830	36556
9527	20027
5907	16407
7851	18351
9663	20163
4634	15134
2222	12722
22970	38002
2356	12856
21494	38915
3057	13557
23480	35200
8816	19316
6915	17415
9131	19631
4326	14826
4289	14789
5863	16363
25001	34923
25345	35952
1525	12025
22431	35274
8921	19421
24652	38774
5135	15635
137	10637
2173	12673
22414	38271
25122	37682
4240	14740
5572	16072
21937	38487
4186	14686
3363	13863
24709	35845
5895	16395
8641	19141
21568	35900
2250	12750
2252	12752
4980	15480
8631	19131
8155	18655
22369	37563
6654	17154
1236	11736
7513	18013
9941	20441
23807	36779
8860	19360
2493	12993
24596	35862
23148	36707
9504	20004
25076	35789
3082	13582
9186	19686
1785	12285
9949	20449
9211	19711
249	10749
477	10977
24916	34938
3943	14443
5435	15935
1234	11734
30	10530
22197	34527
5208	15708
9262	19762
5909	16409
7029	17529
1495	11995
7172	17672
4712	15212
21793	38898
22910	34749
24893	38651
9896	20396
123	10623
24352	38383
10469	20969
1610	12110
25212	35941
6004	16504
4152	14652
6631	17131
25012	36260
5746	16246
10203	20703
4662	15162
6735	17235
1423	11923
21976	37063
2812	13312
23260	35990
24459	35139
8604	19104
3133	13633
8487	18987
23261	36251
24756	37631
7349	17849
1106	11606
25183	36217
6851	17351
23904	35347
6671	17171
9368	19868
9554	20054
10127	20627
845	11345
6607	17107
7042	17542
9835	20335
2440	12940
8224	18724
25403	36175
1657	12157
231	10731
2541	13041
6378	16878
6218	16718
23728	36991
145	10645
24117	37764
2813	13313
1662	12162
4433	14933
1268	11768
4003	14503
10122	20622
3382	13882
340	10840
8260	18760
25353	36374
7020	17520
3841	14341
3354	13854
24095	36722
3701	14201
10476	20976
2302	12802
899	11399
5987	16487
2420	12920
2983	13483
2458	12958
9046	19546
9261	19761
3709	14209
7498	17998
23567	38339
4388	14888
1302	11802
1727	12227
22103	38600
6272	16772
23120	36092
8154	18654
8342	18842
1174	11674
10489	20989
8953	19453
6331	16831
7228	17728
4862	15362
2635	13135
1868	12368
385	10885
3102	13602
3772	14272
2809	13309
8683	19183
3863	14363
21854	34828
21283	34782
24957	35037
5411	15911
4693	15193
2709	13209
10096	20596
21727	34730
10189	20689
23103	35649
1250	11750
7905	18405
21697	36306
4758	15258
21320	35881
691	11191
3802	14302
6174	16674
2442	12942
1185	11685
4122	14622
4379	14879
2277	12777
23132	36973
9584	20084
983	11483
8149	18649
24494	37829
22132	36138
23426	37697
5502	16002
23217	38580
23484	34612
4567	15067
3689	14189
5410	15910
24956	37410
3775	14275
4044	14544
1655	12155
24961	38634
5618	16118
22634	37948
4239	14739
2617	13117
4291	14791
39	10539
24470	37303
7982	18482
9379	19879
6483	16983
22199	34945
8508	19008
2981	13481
24773	35568
1499	11999
5949	16449
4162	14662
5858	16358
9880	20380
10302	20802
598	11098
5299	15799
7652	18152
21973	35452
22440	36697
22539	35056
2850	13350
24744	35688
6367	16867
9391	19891
1218	11718
22358	38077
3457	13957
24904	38056
8881	19381
6638	17138
9140	19640
21676	36685
2862	13362
2259	12759
23546	38384
6185	16685
21481	38349
8197	18697
7526	18026
9424	19924
22014	35099
23773	35119
25283	37859
23834	36752
3141	13641
8061	18561
451	10951
682	11182
3817	14317
4568	15068
6987	17487
21613	38907
7644	18144
3800	14300
7922	18422
2791	13291
25149	34887
4779	15279
3389	13889
9937	20437
7036	17536
8632	19132
627	11127
21166	35321
3843	14343
23540	36710
24536	37192
25409	36436
7931	18431
1953	12453
8074	18574
3821	14321
2283	12783
21768	35015
6998	17498
864	11364
4254	14754
3874	14374
8192	18692
22373	38549
21009	36475
10193	20693
3175	13675
3786	14286
8315	18815
21416	38028
1152	11652
2579	13079
6450	16950
8086	18586
10062	20562
5573	16073
6396	16896
6787	17287
22589	37457
25320	38726
10074	20574
3256	13756
4551	15051
21919	35974
21668	35785
8711	19211
6339	16839
5717	16217
23574	35421
9183	19683
7488	17988
4519	15019
1390	11890
3171	13671
5404	15904
1191	11691
4113	14613
1373	11873
9873	20373
5180	15680
24584	34576
22120	35953
22556	34738
5744	16244
364	10864
7059	17559
1597	12097
23590	37320
3041	13541
23677	35680
1166	11666
25346	36117
7972	18472
3351	13851
23211	36548
6434	16934
1994	12494
21365	35199
4038	14538
10019	20519
2542	13042
9500	20000
898	11398
10180	20680
24550	34685
7243	17743
7179	17679
2910	13410
24662	35325
139	10639
23525	36104
5724	16224
22424	36467
8002	18502
22891	35749
1752	12252
1739	12239
9570	20070
791	11291
25472	37976
9353	19853
21700	37425
2156	12656
2786	13286
9620	20120
6138	16638
4439	14939
4828	15328
1968	12468
8039	18539
10426	20926
7325	17825
7949	18449
9242	19742
9743	20243
21363	37802
25436	35547
6223	16723
224	10724
4616	15116
1219	11719
9059	19559
9826	20326
24454	37097
6237	16737
24029	37951
3744	14244
24437	36610
9517	20017
6468	16968
8275	18775
21764	35694
21077	36961
10112	20612
8863	19363
5183	15683
21359	38545
3094	13594
1861	12361
22339	35003
7447	17947
21337	34667
25488	37221
25137	34800
23347	34824
1363	11863
22352	35376
23309	35469
22277	37163
4182	14682
5684	16184
23070	35414
10238	20738
5047	15547
7302	17802
1343	11843
5371	15871
23789	37526
8264	18764
7668	18168
6743	17243
5884	16384
1926	12426
23716	36915
6143	16643
22474	38926
5645	16145
3962	14462
22067	38065
22836	34776
1842	12342
1469	11969
8765	19265
917	11417
4975	15475
25068	36284
7446	17946
24068	35957
8208	18708
24963	36786
3713	14213
23745	35374
21567	35873
5103	15603
2109	12609
4198	14698
3927	14427
8571	19071
4014	14514
22374	38117
1692	12192
1909	12409
901	11401
25253	36020
6100	16600
5848	16348
25237	37630
5646	16146
300	10800
23594	35606
3940	14440
9312	19812
1604	12104
35	10535
25278	37442
9791	20291
6026	16526
7917	18417
22957	37993
23964	36142
79	10579
7640	18140
24309	34842
25159	35193
4429	14929
3289	13789
2378	12878
10055	20555
22360	35827
7332	17832
22130	34805
4832	15332
7467	17967
5788	16288
3644	14144
8730	19230
22110	38314
10215	20715
1829	12329
2314	12814
8836	19336
7119	17619
21380	35242
9220	19720
24069	36640
6946	17446
9216	19716
24506	36543
7502	18002
1501	12001
9800	20300
8085	18585
45	10545
9701	20201
6886	17386
5568	16068
21144	34865
22600	37692
21681	36632
25297	38385
24032	35913
5533	16033
21304	35936
161	10661
1446	11946
6125	16625
7400	17900
8150	18650
22745	34644
6044	16544
8365	18865
1689	12189
4362	14862
7906	18406
24341	35296
9737	20237
21491	37055
8052	18552
3668	14168
7174	17674
7237	17737
8514	19014
23550	36705
8244	18744
6127	16627
9659	20159
3990	14490
7911	18411
6152	16652
40	10540
7761	18261
2505	13005
3637	14137
4463	14963
22680	36867
805	11305
2197	12697
24613	35396
5143	15643
6513	17013
10285	20785
9337	19837
9832	20332
22214	34689
2351	12851
10253	20753
4531	15031
23336	36905
8614	19114
5780	16280
8759	19259
7566	18066
22371	37446
8796	19296
5172	15672
22691	36834
24160	38893
3738	14238
3740	14240
21966	36565
22328	37472
9187	19687
24408	35638
3598	14098
7152	17652
9589	20089
3882	14382
25227	36979
21692	37812
21896	35589
23614	35513
2345	12845
8695	19195
21619	37204
3494	13994
22731	35234
4422	14922
7884	18384
6246	16746
9995	20495
2228	12728
9968	20468
24463	34514
5440	15940
3398	13898
5113	15613
6704	17204
4025	14525
3395	13895
25197	38079
4284	14784
3525	14025
9518	20018
2071	12571
9278	19778
73	10573
749	11249
5505	16005
21693	37253
4999	15499
23468	36643
21868	36830
10366	20866
6713	17213
133	10633
7334	17834
1873	12373
252	10752
6620	17120
1550	12050
6838	17338
1619	12119
8952	19452
6740	17240
21742	34962
24285	37306
1144	11644
6190	16690
3198	13698
4967	15467
9505	20005
23383	36418
8460	18960
3528	14028
7936	18436
8417	18917
10389	20889
4773	15273
10066	20566
4513	15013
6622	17122
25457	35117
4850	15350
1577	12077
4661	15161
1726	12226
24765	34861
24867	37327
21251	36761
25265	37807
24632	36837
8626	19126
2049	12549
24579	38921
2153	12653
3240	13740
4469	14969
24371	35281
1266	11766
2849	13349
2373	12873
21545	35995
686	11186
4872	15372
8380	18880
22290	35184
1551	12051
8620	19120
5245	15745
24435	38433
4512	15012
4328	14828
24981	36303
5944	16444
9783	20283
2120	12620
996	11496
3178	13678
25361	34750
7832	18332
24843	38380
3042	13542
23565	35482
8636	19136
3018	13518
6108	16608
3466	13966
4457	14957
9762	20262
1296	11796
5955	16455
4753	15253
6602	17102
10003	20503
6451	16951
5051	15551
3321	13821
7389	17889
21344	35476
9024	19524
2744	13244
3481	13981
3163	13663
23341	34509
7206	17706
2114	12614
1056	11556
21794	35651
22748	37703
6045	16545
2539	13039
7827	18327
23944	36864
23411	35973
25491	37867
3657	14157
2298	12798
7639	18139
23505	36999
8782	19282
10090	20590
22717	34670
5197	15697
3200	13700
3574	14074
9902	20402
23242	36544
5413	15913
5898	16398
7951	18451
8896	19396
1110	11610
3886	14386
5758	16258
5867	16367
7558	18058
3566	14066
8454	18954
8360	18860
2317	12817
24225	36172
3600	14100
6001	16501
10176	20676
9860	20360
23376	34575
6608	17108
6606	17106
4892	15392
22863	35127
8934	19434
1701	12201
21167	35579
1992	12492
1614	12114
9712	20212
138	10638
8938	19438
24870	36382
23013	38295
197	10697
5038	15538
6596	17096
5436	15936
22643	36162
2437	12937
3610	14110
476	10976
21160	36507
25117	37646
8736	19236
8247	18747
8684	19184
9751	20251
23559	38170
9212	19712
443	10943
719	11219
6230	16730
9806	20306
1647	12147
10078	20578
3519	14019
22319	35611
25037	36825
4029	14529
462	10962
23783	36196
6630	17130
372	10872
8282	18782
24181	37865
10154	20654
4075	14575
3044	13544
3761	14261
2897	13397
8574	19074
9250	19750
10159	20659
5519	16019
8891	19391
3456	13956
21245	38694
5066	15566
8319	18819
21369	38515
21751	36659
23729	38769
9088	19588
21609	36308
25051	34489
9756	20256
262	10762
25389	35805
5970	16470
3081	13581
8670	19170
10357	20857
3397	13897
9445	19945
9184	19684
5244	15744
4468	14968
6673	17173
9972	20472
8656	19156
3880	14380
1393	11893
6721	17221
2115	12615
4976	15476
23259	37452
25028	36330
8468	18968
9963	20463
22886	36365
22763	36805
24136	36246
527	11027
7247	17747
9536	20036
324	10824
3194	13694
23611	37087
8186	18686
5790	16290
6273	16773
4751	15251
9901	20401
24520	35965
23065	36803
10294	20794
24365	37326
6583	17083
23636	35096
24196	35265
2446	12946
253	10753
23787	35512
6487	16987
22616	36782
504	11004
22230	38185
10182	20682
8677	19177
22830	38697
5925	16425
21710	34608
3714	14214
5934	16434
2101	12601
9604	20104
7003	17503
6433	16933
3636	14136
809	11309
21291	35737
9585	20085
1903	12403
23173	35181
9979	20479
3344	13844
21205	37975
1073	11573
350	10850
10459	20959
24661	38074
24428	35407
7834	18334
8292	18792
21851	35445
24287	38481
2806	13306
6795	17295
2515	13015
22261	38174
21954	35822
10363	20863
10425	20925
21057	34542
23075	36739
6567	17067
6	10506
23080	36227
3307	13807
2054	12554
882	11382
25053	35750
3065	13565
3303	13803
4645	15145
21400	38951
10381	20881
25290	37239
9235	19735
6066	16566
709	11209
24850	37790
9862	20362
1975	12475
5662	16162
6411	16911
8968	19468
21598	35023
797	11297
23878	37242
25042	35085
4375	14875
4396	14896
25480	35208
4007	14507
4530	15030
1352	11852
5155	15655
23823	37130
24189	34830
9764	20264
23966	37878
881	11381
2948	13448
563	11063
25208	36109
1154	11654
24379	35125
2650	13150
10061	20561
10071	20571
8132	18632
25047	38351
23733	35515
402	10902
21368	34696
2848	13348
2237	12737
8280	18780
2226	12726
23076	35475
296	10796
6891	17391
7849	18349
1734	12234
5463	15963
6121	16621
24940	35427
6817	17317
9457	19957
8175	18675
7118	17618
841	11341
10374	20874
21039	36183
9022	19522
24621	37876
7486	17986
22124	35797
9145	19645
4590	15090
610	11110
1760	12260
5018	15518
781	11281
23359	38128
23019	38551
2753	13253
6841	17341
6294	16794
945	11445
4042	14542
1223	11723
2716	13216
21855	34683
3785	14285
5358	15858
5674	16174
10199	20699
7281	17781
24305	36555
24647	35867
25181	36673
1611	12111
354	10854
8624	19124
1064	11564
3502	14002
6324	16824
24616	35667
2349	12849
5222	15722
25063	38337
9192	19692
21256	36148
24824	38505
4889	15389
23507	37877
6893	17393
22615	36778
2008	12508
1617	12117
21800	38043
1961	12461
10244	20744
5673	16173
21452	35189
2996	13496
7497	17997
6626	17126
21301	35011
5309	15809
6501	17001
21223	38579
22149	36740
7986	18486
3805	14305
6783	17283
1729	12229
21214	37616
25256	38188
4529	15029
3913	14413
3612	14112
7450	17950
23920	38470
3271	13771
24560	35525
5563	16063
22345	38883
5557	16057
6445	16945
22062	34819
21111	37701
4327	14827
2748	13248
6971	17471
3526	14026
7581	18081
22266	34994
22227	35588
6216	16716
8819	19319
2287	12787
8783	19283
2335	12835
9947	20447
9679	20179
6887	17387
5978	16478
6725	17225
5009	15509
21761	36773
2434	12934
21002	35114
7380	17880
3282	13782
398	10898
22072	34572
22712	38571
4282	14782
25363	35018
8642	19142
5742	16242
22629	35716
7167	17667
8584	19084
828	11328
22008	34478
23421	38139
21801	36769
7680	18180
10461	20961
7363	17863
23449	37560
10095	20595
678	11178
25392	38787
1013	11513
24702	36399
4626	15126
7978	18478
2613	13113
22036	37426
4820	15320
23010	37564
3781	14281
22913	37718
1300	11800
55	10555
23552	36952
2924	13424
8285	18785
4491	14991
495	10995
24168	35581
25368	37539
6819	17319
2815	13315
8326	18826
4179	14679
2956	13456
22867	35190
3790	14290
21967	36552
3564	14064
1761	12261
9658	20158
23848	37067
24900	36293
4822	15322
23756	35844
4926	15426
1722	12222
7866	18366
3682	14182
6385	16885
109	10609
23863	36048
3279	13779
1221	11721
6895	17395
2512	13012
9315	19815
4622	15122
8950	19450
3160	13660
5952	16452
8063	18563
919	11419
498	10998
21707	35369
4903	15403
22682	37456
21067	35327
1808	12308
23814	38546
6067	16567
4393	14893
2561	13061
6023	16523
4653	15153
10056	20556
4083	14583
9492	19992
23027	37228
1672	12172
21724	37276
5157	15657
238	10738
24599	36667
1710	12210
6896	17396
5186	15686
3331	13831
335	10835
1721	12221
24107	37983
22805	36282
5405	15905
3851	14351
2788	13288
3483	13983
7667	18167
1038	11538
4640	15140
1504	12004
1360	11860
2584	13084
1568	12068
2141	12641
23330	35889
315	10815
23737	35422
390	10890
24267	37582
24903	36216
6165	16665
2936	13436
9641	20141
703	11203
23400	38491
3209	13709
24090	38221
1188	11688
1575	12075
217	10717
1854	12354
7183	17683
4656	15156
4437	14937
8388	18888
23227	36257
21865	36936
24244	35373
24264	37227
977	11477
9943	20443
24279	35675
10242	20742
21339	37136
23897	36645
966	11466
4800	15300
2994	13494
9025	19525
23371	35424
5982	16482
7678	18178
21542	34718
6799	17299
21298	37264
3329	13829
4940	15440
6944	17444
21379	34687
24072	35330
24373	35025
6112	16612
6742	17242
8475	18975
22089	35726
1764	12264
1703	12203
6391	16891
22801	35353
6473	16973
23127	37815
1914	12414
7794	18294
2075	12575
21497	36943
8884	19384
2964	13464
23122	36280
21650	38499
25031	34629
21336	37497
2885	13385
6360	16860
23804	36036
5048	15548
1944	12444
118	10618
6878	17378
9804	20304
21018	36312
3318	13818
2798	13298
22780	38570
6902	17402
22041	38109
8581	19081
23356	34551
24054	35613
7506	18006
21171	37786
4725	15225
8560	19060
3264	13764
2955	13455
4603	15103
5278	15778
7545	18045
7005	17505
5832	16332
5877	16377
8787	19287
24965	35152
23580	38637
4059	14559
10464	20964
1742	12242
23988	37722
8802	19302
7499	17999
2510	13010
25371	35351
8911	19411
24866	36184
5011	15511
23571	35659
2968	13468
2573	13073
21252	37589
7031	17531
10261	20761
5177	15677
23991	37027
9459	19959
9399	19899
4793	15293
24953	35825
9978	20478
23784	38474
3531	14031
3193	13693
578	11078
24836	38148
23885	34588
24229	38594
4571	15071
22980	36169
22220	37556
8915	19415
8098	18598
23307	36601
24423	38178
25323	35655
1514	12014
107	10607
22156	37137
6972	17472
4234	14734
3903	14403
2832	13332
23888	38876
21153	38291
4391	14891
3553	14053
23124	38283
21249	35742
23161	37224
7233	17733
6132	16632
7333	17833
8761	19261
7150	17650
3654	14154
23311	35061
4841	15341
21890	35286
5526	16026
21839	37449
24337	37348
10111	20611
22144	34617
2801	13301
22143	36550
8426	18926
7674	18174
8287	18787
970	11470
25174	36529
10162	20662
5	10505
24115	37908
668	11168
2869	13369
25204	35428
7888	18388
23476	34739
10241	20741
4465	14965
21900	36044
24329	35371
5020	15520
1732	12232
25446	38847
8089	18589
5356	15856
9920	20420
7419	17919
25255	36638
1370	11870
10174	20674
4159	14659
23827	36397
3593	14093
455	10955
5313	15813
25478	38956
24614	35705
1066	11566
23950	34652
8087	18587
1289	11789
1158	11658
8156	18656
7157	17657
1737	12237
23658	35555
23236	35109
816	11316
9750	20250
1805	12305
5335	15835
9533	20033
3998	14498
4217	14717
2447	12947
21876	35005
22150	38122
2106	12606
23196	37930
23839	37799
5478	15978
8975	19475
24612	36375
22889	35967
5685	16185
21328	38218
1520	12020
4400	14900
6637	17137
174	10674
10067	20567
23189	34916
8461	18961
21150	35042
2894	13394
21355	38731
5288	15788
2614	13114
25015	36887
2911	13411
3643	14143
8073	18573
23986	37942
21242	35477
2190	12690
804	11304
22219	38771
21073	37924
24630	35934
3729	14229
22475	37006
21804	36608
2560	13060
7600	18100
1439	11939
8772	19272
23368	37844
5501	16001
9906	20406
7599	18099
9259	19759
25266	34827
4623	15123
10130	20630
5550	16050
8424	18924
10260	20760
9844	20344
6245	16745
24210	38326
8162	18662
4520	15020
10468	20968
1184	11684
2084	12584
23516	35269
1183	11683
5794	16294
9281	19781
22275	38118
3692	14192
7571	18071
4946	15446
9694	20194
22305	37747
2773	13273
22226	37498
5752	16252
6041	16541
4921	15421
2772	13272
9530	20030
24421	34499
23600	34783
3573	14073
9852	20352
8598	19098
4572	15072
4271	14771
9740	20240
2656	13156
6251	16751
9321	19821
24410	36835
6808	17308
24917	35453
2086	12586
325	10825
5131	15631
754	11254
9331	19831
3769	14269
480	10980
834	11334
3417	13917
3868	14368
1715	12215
7615	18115
4556	15056
23338	38226
8416	18916
9950	20450
21833	36038
7775	18275
21146	38020
24728	34964
8630	19130
434	10934
5389	15889
9812	20312
2260	12760
9206	19706
8941	19441
9615	20115
1959	12459
21858	38001
25244	37864
1252	11752
4203	14703
1182	11682
22754	38303
23054	34878
6150	16650
4322	14822
2393	12893
2825	13325
24774	38144
5510	16010
21971	36203
5897	16397
3512	14012
4290	14790
7216	17716
22408	38292
1816	12316
23627	36319
4225	14725
3762	14262
22086	35108
23946	38425
10454	20954
4130	14630
9910	20410
4819	15319
25229	38626
22302	37372
2686	13186
3898	14398
9986	20486
7295	17795
22553	37809
798	11298
5964	16464
25193	36445
3235	13735
9624	20124
505	11005
2456	12956
683	11183
24132	34914
3056	13556
6555	17055
1058	11558
24732	37194
8211	18711
954	11454
8541	19041
21296	37837
4408	14908
5027	15527
206	10706
24342	38660
9715	20215
2331	12831
10264	20764
3596	14096
7894	18394
9771	20271
5498	15998
200	10700
22428	34944
724	11224
23877	38382
3410	13910
21139	37739
9717	20217
22946	35252
23237	35812
23644	35478
5582	16082
1123	11623
4687	15187
8622	19122
5821	16321
23653	34958
9499	19999
21202	37825
25458	36456
9052	19552
1395	11895
23378	35795
3479	13979
23385	36219
365	10865
21504	38722
7967	18467
23582	37122
565	11065
735	11235
9754	20254
23622	37463
9822	20322
6728	17228
24474	37394
10293	20793
5206	15706
23139	35740
22392	38265
21444	35310
203	10703
7357	17857
25200	37231
1748	12248
7414	17914
24327	38759
2528	13028
23454	37398
1936	12436
9064	19564
21624	37731
24165	37510
21186	34836
7848	18348
23671	37501
23006	35237
8502	19002
5592	16092
10164	20664
8732	19232
7693	18193
23993	36346
25161	37822
22987	36744
8652	19152
22271	35643
24525	34966
9349	19849
8122	18622
2776	13276
1711	12211
822	11322
7097	17597
6800	17300
4764	15264
25024	37314
8814	19314
4585	15085
24254	36085
2667	13167
21131	36435
10379	20879
5344	15844
1787	12287
24819	38518
9299	19799
24758	35232
5564	16064
24005	36639
22899	37075
7261	17761
7810	18310
5372	15872
795	11295
465	10965
22247	35982
2000	12500
5209	15709
7739	18239
2304	12804
4440	14940
2691	13191
8696	19196
7704	18204
355	10855
25280	35000
24300	37375
22267	37106
1830	12330
25087	36708
9702	20202
9080	19580
5745	16245
9994	20494
21177	34532
24190	38036
8754	19254
22538	35084
9450	19950
5506	16006
4589	15089
25475	36189
3773	14273
637	11137
2852	13352
2763	13263
3052	13552
9091	19591
22125	37164
3192	13692
10498	20998
23429	36153
648	11148
7722	18222
22975	35487
9821	20321
7971	18471
21169	37266
23719	35209
3742	14242
22465	38420
6400	16900
8862	19362
6281	16781
8359	18859
68	10568
3816	14316
7244	17744
25004	38063
6801	17301
24243	36893
8879	19379
4467	14967
22523	37340
9392	19892
3040	13540
24320	34653
23772	37174
23634	35908
24798	34465
1022	11522
1869	12369
21307	36988
4955	15455
21247	37167
10014	20514
9514	20014
2172	12672
908	11408
2015	12515
9177	19677
2347	12847
9119	19619
24272	36940
1915	12415
6279	16779
226	10726
5966	16466
9269	19769
7613	18113
9935	20435
5677	16177
1100	11600
4251	14751
8815	19315
5065	15565
7839	18339
24252	36760
9686	20186
8314	18814
2941	13441
1517	12017
21119	35507
9494	19994
8985	19485
8266	18766
9029	19529
9129	19629
23502	38766
9964	20464
9563	20063
21626	38947
2203	12703
3892	14392
6981	17481
24827	38104
23889	37726
4483	14983
22590	35398
461	10961
22391	37357
23063	36410
24074	34745
23923	38430
8920	19420
10284	20784
23691	36241
6810	17310
3155	13655
3498	13998
21824	38409
8890	19390
24556	36624
23308	35964
1807	12307
1526	12026
24247	37813
22586	38151
808	11308
9700	20200
9489	19989
22926	36459
24682	36811
9255	19755
4752	15252
974	11474
84	10584
21743	38748
6656	17156
553	11053
6123	16623
3853	14353
70	10570
6292	16792
4157	14657
23121	37378
585	11085
7777	18277
7025	17525
24206	35094
23126	36146
7251	17751
4248	14748
1693	12193
7009	17509
25316	38300
8760	19260
24051	35999
23968	37036
812	11312
4472	14972
3952	14452
8576	19076
1990	12490
8544	19044
2624	13124
7736	18236
1922	12422
244	10744
2371	12871
7128	17628
9892	20392
9237	19737
4993	15493
22503	37673
3989	14489
3920	14420
22695	38755
8300	18800
22399	34991
408	10908
8572	19072
24492	36045
23434	38709
3104	13604
22511	34611
4477	14977
2413	12913
25095	38482
8764	19264
24922	36395
5847	16347
4997	15497
7583	18083
2073	12573
9109	19609
8278	18778
7046	17546
5609	16109
1132	11632
24562	38563
24135	37094
21958	35365
3195	13695
23401	37755
9653	20153
24025	35928
9605	20105
22350	38395
23858	35017
1833	12333
5946	16446
21527	38024
23304	37029
2216	12716
21694	34651
1601	12101
2482	12982
23153	38214
4312	14812
6720	17220
7114	17614
999	11499
7212	17712
530	11030
22861	34790
21141	35853
7984	18484
4735	15235
21617	36889
9960	20460
5499	15999
25370	36635
5352	15852
24290	38663
4173	14673
6733	17233
4742	15242
8727	19227
9249	19749
4474	14974
1762	12262
4023	14523
6180	16680
22263	34891
23917	34848
8756	19256
9248	19748
1249	11749
1749	12249
2789	13289
3878	14378
8653	19153
6962	17462
6136	16636
23269	37559
5556	16056
8442	18942
21797	35195
24299	34569
24055	37538
21702	36465
7661	18161
21684	35266
2677	13177
9912	20412
1750	12250
7977	18477
5362	15862
3641	14141
5488	15988
8166	18666
6693	17193
3809	14309
24483	36253
6610	17110
3546	14046
9181	19681
10153	20653
1466	11966
3355	13855
2536	13036
8009	18509
7602	18102
24915	35912
929	11429
8099	18599
21992	36116
7622	18122
9864	20364
717	11217
5275	15775
23048	38678
22201	37533
9519	20019
6813	17313
9515	20015
3443	13943
25406	38141
21125	36853
519	11019
24607	35660
1358	11858
12	10512
2299	12799
5044	15544
5279	15779
2062	12562
22456	36589
7993	18493
10191	20691
5831	16331
5308	15808
4927	15427
1908	12408
9126	19626
9483	19983
24434	38090
22959	35417
8913	19413
9084	19584
7673	18173
2129	12629
129	10629
9851	20351
2588	13088
9229	19729
4685	15185
3285	13785
8694	19194
2590	13090
1744	12244
5000	15500
6617	17117
8283	18783
624	11124
5188	15688
4350	14850
6695	17195
4515	15015
10431	20931
22082	37733
7125	17625
8637	19137
22862	34626
6160	16660
4668	15168
1778	12278
6978	17478
649	11149
736	11236
9031	19531
3136	13636
2666	13166
8307	18807
23471	36636
25186	37003
22445	37134
25184	37612
21094	37821
6759	17259
2033	12533
9623	20123
2179	12679
22122	37201
8013	18513
3374	13874
8786	19286
21013	36747
6947	17447
22184	35661
5493	15993
9718	20218
21961	35783
4934	15434
23377	35892
25003	35279
241	10741
66	10566
23608	36403
1048	11548
4969	15469
24557	37458
1109	11609
21056	34596
2610	13110
24799	36439
2256	12756
25103	38929
3544	14044
8019	18519
657	11157
10321	20821
239	10739
21672	36368
8601	19101
24636	37588
21358	37438
2354	12854
2315	12815
4781	15281
902	11402
25287	37222
7026	17526
6690	17190
4449	14949
3704	14204
23732	37980
8110	18610
261	10761
23984	35768
9270	19770
1402	11902
6913	17413
3720	14220
24238	37124
2917	13417
9921	20421
2597	13097
2688	13188
23770	38588
23864	35756
10234	20734
24587	35206
5227	15727
23974	36531
322	10822
10382	20882
23060	38581
9697	20197
24091	35851
19	10519
9082	19582
5042	15542
21821	38379
24223	34579
25339	37938
7648	18148
7500	18000
1772	12272
9425	19925
6639	17139
4080	14580
24878	38520
3506	14006
3124	13624
25441	36267
24626	37762
9488	19988
2725	13225
25461	35035
8242	18742
7875	18375
24684	35258
4719	15219
9790	20290
23039	35186
22644	38138
8751	19251
1822	12322
5700	16200
7902	18402
5006	15506
1492	11992
22432	38877
10146	20646
22323	38408
9526	20026
24036	35960
25382	37493
9326	19826
21267	35436
1407	11907
9413	19913
23955	37110
23499	35886
1086	11586
9990	20490
6689	17189
2243	12743
4035	14535
2219	12719
7918	18418
9398	19898
9854	20354
22100	35059
6033	16533
3098	13598
24271	35766
10471	20971
6164	16664
4514	15014
5242	15742
5374	15874
22969	38177
22878	36746
5052	15552
702	11202
6568	17068
22253	36247
4385	14885
10140	20640
25250	36751
6814	17314
1364	11864
9967	20467
6870	17370
21178	37145
22382	38576
21777	36491
7950	18450
6266	16766
23243	38299
7757	18257
23736	36651
3930	14430
2908	13408
21979	34928
5565	16065
22758	37551
7221	17721
4376	14876
4971	15471
8922	19422
2282	12782
1676	12176
22573	34734
301	10801
23290	36320
5153	15653
2872	13372
2336	12836
7134	17634
10113	20613
5426	15926
7712	18212
6370	16870
7279	17779
396	10896
8864	19364
21476	38417
4897	15397
9290	19790
23295	36588
1733	12233
22463	35356
2696	13196
9734	20234
8963	19463
2485	12985
3159	13659
2410	12910
3207	13707
6737	17237
2272	12772
6335	16835
9401	19901
25440	35532
3687	14187
21142	38601
5957	16457
21212	38442
21739	34820
9931	20431
22710	35332
23896	35038
4085	14585
4633	15133
24077	38595
25471	34624
5332	15832
4158	14658
7492	17992
5532	16032
21816	35942
9405	19905
9677	20177
2569	13069
22376	37779
10323	20823
8185	18685
5450	15950
22872	38134
23279	36298
8168	18668
24565	37175
6957	17457
1982	12482
9777	20277
10481	20981
21648	37918
1879	12379
23561	35425
6068	16568
24048	37573
8602	19102
5176	15676
7340	17840
10121	20621
4174	14674
23585	34859
5503	16003
5350	15850
8959	19459
2841	13341
734	11234
5837	16337
6254	16754
147	10647
21106	35594
4149	14649
22792	38469
22627	36884
99	10599
669	11169
23373	35339
1214	11714
10340	20840
1098	11598
24358	37698
1321	11821
22461	35260
5458	15958
3935	14435
1588	12088
2927	13427
21778	37347
8323	18823
21383	35837
111	10611
24849	38389
349	10849
6209	16709
3404	13904
3350	13850
4091	14591
24852	34713
9508	20008
3100	13600
3906	14406
1093	11593
22048	36034
9174	19674
7464	17964
23415	35218
22321	35051
2042	12542
7946	18446
1129	11629
2057	12557
9019	19519
23280	37622
1460	11960
23035	35187
4866	15366
8409	18909
9148	19648
23643	37741
6258	16758
5930	16430
1210	11710
23688	37729
24472	37985
5980	16480
23824	37898
5053	15553
2777	13277
3218	13718
7490	17990
24971	37800
1599	12099
24704	34721
2658	13158
4610	15110
24317	35921
23506	36724
9151	19651
9030	19530
1765	12265
10233	20733
9446	19946
5341	15841
7856	18356
10320	20820
4438	14938
148	10648
21238	36607
4960	15460
9458	19958
640	11140
706	11206
2736	13236
127	10627
22297	34857
8795	19295
3540	14040
24078	34520
5364	15864
8478	18978
25302	34858
7315	17815
4553	15053
10292	20792
25017	37269
24366	34636
1651	12151
3293	13793
2623	13123
1348	11848
25301	37861
8152	18652
22562	35212
3801	14301
21211	35823
21165	38720
21239	34759
6090	16590
796	11296
23422	36453
8352	18852
2301	12801
8853	19353
5173	15673
9121	19621
21757	38367
21717	38121
5781	16281
22577	37389
2534	13034
10455	20955
24354	35253
4110	14610
22404	35909
1507	12007
23200	36841
23090	38309
23135	35062
4124	14624
22956	38100
6278	16778
24026	38060
8965	19465
3184	13684
191	10691
23147	38101
7269	17769
3181	13681
22308	34917
24735	35714
3489	13989
4062	14562
25448	36451
5514	16014
3814	14314
4919	15419
6034	16534
6727	17227
5468	15968
22948	34939
2627	13127
22524	34971
23753	35007
6371	16871
23518	35876
3031	13531
23764	36421
21064	34496
10228	20728
5806	16306
22612	35796
7077	17577
6904	17404
3488	13988
21190	36179
23895	35956
5064	15564
8474	18974
4416	14916
9462	19962
22467	34585
1719	12219
3545	14045
3486	13986
23321	37107
25027	37527
1044	11544
5397	15897
352	10852
23936	38422
22272	37392
24993	38427
2926	13426
3317	13817
5669	16169
25099	35441
5783	16283
21020	37304
1133	11633
5134	15634
21418	35420
8088	18588
602	11102
22588	37331
7313	17813
23494	36181
5921	16421
5391	15891
294	10794
1690	12190
9209	19709
22722	37212
7324	17824
1464	11964
2653	13153
6368	16868
5171	15671
23177	37235
8758	19258
9225	19725
23799	36230
3222	13722
23212	38031
6797	17297
5259	15759
24142	38608
4473	14973
2572	13072
7941	18441
24822	36542
24941	38310
1449	11949
176	10676
4871	15371
5045	15545
7468	17968
9646	20146
21589	36797
24461	37932
4596	15096
5984	16484
23529	35393
5578	16078
6200	16700
7171	17671
10179	20679
3518	14018
2491	12991
24178	38356
22947	38950
7782	18282
8458	18958
22378	36222
5223	15723
21161	36753
21534	37086
21040	37894
25252	37520
5941	16441
9509	20009
7462	17962
4135	14635
4526	15026
3789	14289
4707	15207
672	11172
8455	18955
9571	20071
22284	35308
8501	19001
2227	12727
21923	36015
21403	36050
22584	34643
5576	16076
24875	36019
3504	14004
22587	37363
24242	36738
24398	37343
7180	17680
3567	14067
22225	34553
4996	15496
5421	15921
6565	17065
9883	20383
9837	20337
24118	35002
9865	20365
6907	17407
559	11059
22592	35144
2273	12773
2878	13378
21377	38069
8780	19280
24143	36160
6330	16830
8457	18957
9970	20470
5152	15652
22767	38869
21294	35050
23862	37079
22927	38671
9213	19713
4965	15465
264	10764
22347	35291
3706	14206
3299	13799
24436	38566
24766	38552
5237	15737
8686	19186
21329	34727
22559	34703
9674	20174
23078	38476
9432	19932
10209	20709
6323	16823
21447	38680
2782	13282
21381	37874
2737	13237
6080	16580
7165	17665
4898	15398
2104	12604
7482	17982
22651	34543
6457	16957
2922	13422
5119	15619
8218	18718
10290	20790
23542	37495
24111	37381
7651	18151
8929	19429
6853	17353
9876	20376
25052	34976
1113	11613
23474	38110
22764	36660
3375	13875
7975	18475
3719	14219
893	11393
978	11478
2766	13266
22756	38468
7825	18325
5314	15814
1451	11951
3838	14338
3855	14355
4154	14654
6802	17302
9163	19663
21712	35344
24060	38561
6680	17180
1849	12349
8172	18672
7751	18251
23549	36953
2629	13129
643	11143
4848	15348
635	11135
3917	14417
22076	36513
6563	17063
172	10672
24610	36210
728	11228
6147	16647
9297	19797
1143	11643
10152	20652
5711	16211
4151	14651
5402	15902
21033	37396
36	10536
2400	12900
4486	14986
3834	14334
25083	35690
9587	20087
9616	20116
1901	12401
6466	16966
9745	20245
23932	37020
6046	16546
9027	19527
21084	38445
23508	36429
21698	35747
9895	20395
23115	37766
23327	37330
21147	34711
2169	12669
24812	35614
5236	15736
8225	18725
4615	15115
6888	17388
1609	12109
5840	16340
4508	15008
3694	14194
7402	17902
21032	34786
10082	20582
4672	15172
2395	12895
24848	37488
24453	38345
2124	12624
4796	15296
4502	15002
9437	19937
846	11346
5993	16493
3415	13915
314	10814
21629	36898
2511	13011
6757	17257
9141	19641
22486	37328
3323	13823
10047	20547
22019	37860
6731	17231
22233	36519
1428	11928
23774	35641
9915	20415
5017	15517
25080	35307
4669	15169
5213	15713
3059	13559
3030	13530
4678	15178
23050	37371
7728	18228
9233	19733
820	11320
6077	16577
24056	35065
22338	36228
1192	11692
4187	14687
3611	14111
6414	16914
3639	14139
23087	35945
8308	18808
2544	13044
7033	17533
22092	38539
25473	36356
2326	12826
2401	12901
10105	20605
22191	36613
4869	15369
7589	18089
7574	18074
2276	12776
22435	37503
10231	20731
2066	12566
1065	11565
5602	16102
6571	17071
6011	16511
1937	12437
9275	19775
24292	34893
21754	38145
25126	37518
5621	16121
25312	37315
8966	19466
6726	17226
20	10520
22099	38322
8296	18796
8919	19419
21434	38911
2060	12560
3924	14424
5924	16424
7800	18300
9165	19665
9352	19852
508	11008
7170	17670
7531	18031
7188	17688
24385	36171
8271	18771
22520	35723
6551	17051
958	11458
25379	38512
3450	13950
6248	16748
3500	14000
10279	20779
1552	12052
10029	20529
22106	36558
4053	14553
23564	36576
5311	15811
21536	34573
2029	12529
5408	15908
8600	19100
9769	20269
169	10669
22897	38530
23230	35124
4167	14667
6594	17094
558	11058
6767	17267
9204	19704
9999	20499
1771	12271
3916	14416
21164	38163
7876	18376
29	10529
892	11392
24868	38220
3221	13721
23825	37444
5346	15846
3251	13751
8465	18965
9310	19810
7326	17826
5204	15704
25293	37095
9325	19825
2779	13279
6126	16626
469	10969
8071	18571
1918	12418
7916	18416
5106	15606
7066	17566
831	11331
879	11379
6211	16711
21323	34989
7287	17787
6234	16734
24813	36914
24065	36620
7578	18078
23794	35944
9160	19660
23522	34961
2495	12995
1079	11579
9885	20385
3797	14297
21035	38830
22055	35048
6119	16619
6343	16843
951	11451
22749	36200
22450	38788
21892	35183
9314	19814
3937	14437
842	11342
21686	35826
120	10620
4731	15231
23487	35326
22887	35272
1180	11680
21948	36309
4636	15136
1368	11868
8398	18898
521	11021
10475	20975
10178	20678
3619	14119
23289	38855
5394	15894
6458	16958
16	10516
9801	20301
468	10968
24218	36981
4759	15259
3076	13576
1929	12429
3724	14224
21789	36498
3004	13504
1454	11954
3054	13554
8191	18691
3715	14215
4099	14599
9440	19940
23970	35166
883	11383
4915	15415
23208	34973
22541	36514
22934	34615
3849	14349
7459	17959
7229	17729
4777	15277
5229	15729
22618	34577
24217	36025
1941	12441
10384	20884
22799	35350
22093	38362
25319	34634
22163	35009
7283	17783
7425	17925
9879	20379
24012	37311
3470	13970
2251	12751
361	10861
4021	14521
6163	16663
6268	16768
6290	16790
5315	15815
8011	18511
5120	15620
21492	35893
21110	34761
9292	19792
7659	18159
1478	11978
596	11096
3378	13878
71	10571
7017	17517
8752	19252
4298	14798
2589	13089
21450	36030
2565	13065
25274	36885
8464	18964
24608	36633
1067	11567
21935	38910
6255	16755
10433	20933
6029	16529
25349	38742
9433	19933
3827	14327
579	11079
22566	38039
290	10790
8586	19086
10043	20543
21351	36033
8490	18990
8846	19346
8542	19042
180	10680
9338	19838
23392	38429
3921	14421
5170	15670
6616	17116
2418	12918
7650	18150
21376	37936
9005	19505
7155	17655
4090	14590
9817	20317
6256	16756
1887	12387
4775	15275
3117	13617
23444	38764
24314	36730
9685	20185
911	11411
5252	15752
2492	12992
7836	18336
956	11456
1589	12089
25094	35665
5762	16262
1468	11968
7407	17907
1010	11510
23333	36047
4258	14758
22911	36007
384	10884
8187	18687
9191	19691
2168	12668
885	11385
5249	15749
9238	19738
22051	34528
1837	12337
5678	16178
23110	37805
1011	11511
8766	19266
7132	17632
6120	16620
1153	11653
1828	12328
3514	14014
230	10730
24794	35419
3681	14181
6903	17403
4592	15092
194	10694
9729	20229
95	10595
1396	11896
9340	19840
25360	36331
21134	38157
24182	37428
7929	18429
3257	13757
22058	34466
8675	19175
21612	35053
5023	15523
5760	16260
22521	35553
968	11468
8476	18976
8434	18934
24707	37009
5010	15510
23059	38067
9547	20047
3862	14362
8800	19300
1958	12458
5383	15883
7807	18307
5429	15929
23709	38211
21280	35087
23294	34852
8393	18893
21819	38672
10172	20672
8648	19148
4694	15194
1016	11516
9665	20165
23026	34678
5373	15873
193	10693
24008	37554
21538	36984
667	11167
3605	14105
8301	18801
25468	38684
10305	20805
24383	37299
6869	17369
214	10714
3487	13987
24686	34770
23534	35991
24857	36731
776	11276
10143	20643
1707	12207
22159	38477
2366	12866
6488	16988
9875	20375
6177	16677
192	10692
122	10622
22417	35590
928	11428
4150	14650
22575	34594
23447	35545
4019	14519
4136	14636
22860	37367
23865	36666
2441	12941
6284	16784
2279	12779
9203	19703
6653	17153
2255	12755
5212	15712
8255	18755
1815	12315
3032	13532
9632	20132
24775	37338
6162	16662
2601	13101
1698	12198
24215	37674
9241	19741
7758	18258
6629	17129
22	10522
2582	13082
23169	36076
25376	38902
22831	35261
3311	13811
4880	15380
9185	19685
24306	38524
6280	16780
1262	11762
614	11114
9899	20399
21502	36823
22210	37578
6744	17244
21385	38777
7030	17530
6833	17333
4355	14855
9942	20442
21255	37963
8627	19127
6823	17323
8763	19263
8522	19022
617	11117
1417	11917
7093	17593
2105	12605
3324	13824
1952	12452
21588	35697
10280	20780
8978	19478
1933	12433
2294	12794
551	11051
8898	19398
25410	37685
6277	16777
24297	37584
6741	17241
1957	12457
4816	15316
4462	14962
22390	35046
24302	36824
22960	37895
1754	12254
6453	16953
835	11335
7241	17741
6361	16861
2419	12919
24021	35366
2183	12683
3022	13522
1337	11837
3135	13635
2210	12710
8091	18591
7556	18056
1178	11678
25150	34977
7596	18096
7198	17698
3118	13618
2217	12717
4928	15428
4380	14880
22398	35263
25399	36497
288	10788
5608	16108
7903	18403
6372	16872
9797	20297
6359	16859
8880	19380
25127	37013
8263	18763
1156	11656
25240	38143
7485	17985
847	11347
701	11201
7789	18289
748	11248
1931	12431
1542	12042
926	11426
1951	12451
7551	18051
21393	36444
22183	35846
5343	15843
6442	16942
5098	15598
2712	13212
21501	38274
21113	38438
24577	36335
24698	38032
967	11467
877	11377
3367	13867
10265	20765
7460	17960
7360	17860
4435	14935
21572	34965
2002	12502
23776	36562
2740	13240
2954	13454
2598	13098
8200	18700
10223	20723
1489	11989
1176	11676
5569	16069
2352	12852
3513	14013
5036	15536
4907	15407
22650	37927
2715	13215
23489	38625
3281	13781
8123	18623
3360	13860
23792	37324
6351	16851
21765	37653
22772	36675
24803	36357
22335	36350
25341	37238
7952	18452
9476	19976
23459	36287
2174	12674
2891	13391
8983	19483
1917	12417
24979	35448
8651	19151
21841	35342
3691	14191
22782	38534
6844	17344
2095	12595
22453	35262
523	11023
23938	38040
8737	19237
21899	38689
24899	34720
7714	18214
5851	16351
515	11015
8719	19219
10479	20979
7938	18438
24780	35538
23927	38400
23584	36969
8284	18784
2281	12781
2707	13207
1077	11577
6015	16515
6849	17349
7437	17937
23466	34999
9254	19754
4911	15411
9154	19654
4311	14811
21341	36440
5988	16488
1116	11616
24527	37730
2200	12700
575	11075
6642	17142
22554	34881
6518	17018
9650	20150
8729	19229
435	10935
23960	35383
23969	36342
2300	12800
6866	17366
7469	17969
1512	12012
6301	16801
1598	12098
5078	15578
1767	12267
9913	20413
580	11080
9638	20138
1136	11636
8893	19393
6295	16795
4893	15393
3473	13973
25170	36525
23055	35306
7642	18142
3954	14454
24715	36028
8010	18510
21437	35540
25373	35800
5338	15838
840	11340
98	10598
2907	13407
7112	17612
9631	20131
8830	19330
3908	14408
7068	17568
3873	14373
23581	34788
9155	19655
2496	12996
3877	14377
6925	17425
7504	18004
22158	34972
126	10626
1852	12352
6949	17449
7227	17727
8357	18857
3516	14016
8328	18828
7520	18020
22509	36590
2266	12766
1003	11503
10424	20924
22325	37295
6917	17417
149	10649
23959	35153
818	11318
8423	18923
7067	17567
21088	35829
3812	14312
8286	18786
4052	14552
5117	15617
3793	14293
8354	18854
24170	35647
8181	18681
1502	12002
2473	12973
7129	17629
4797	15297
7707	18207
23548	34705
22579	36672
21584	37430
21565	34645
6481	16981
8811	19311
21596	38263
6736	17236
4677	15177
3372	13872
21185	38021
23100	36074
21037	34886
6028	16528
2529	13029
1845	12345
4071	14571
5272	15772
5181	15681
24681	36998
3727	14227
5779	16279
10438	20938
10245	20745
4426	14926
9089	19589
24067	37546
23158	36817
2732	13232
4890	15390
2909	13409
762	11262
21224	37566
2439	12939
24480	36755
22961	36896
21516	36955
4399	14899
23253	34823
5699	16199
10346	20846
9467	19967
23649	38930
6217	16717
9377	19877
10270	20770
7346	17846
5910	16410
23404	38866
9298	19798
3941	14441
23868	35426
1006	11506
2517	13017
4207	14707
3407	13907
24834	38740
1052	11552
9723	20223
162	10662
24558	38527
24821	38236
8233	18733
23967	37350
10045	20545
532	11032
1513	12013
10400	20900
23193	38241
2297	12797
7554	18054
10258	20758
10491	20991
5709	16209
8788	19288
4506	15006
1818	12318
24308	34765
4453	14953
23437	35549
21837	36012
7411	17911
9007	19507
21959	35340
1864	12364
4432	14932
10109	20609
22145	38852
5467	15967
7725	18225
10206	20706
22021	37832
21045	38752
2594	13094
787	11287
