684	11184
4221	14721
2765	13265
25331	39086
4456	14956
7776	18276
8305	18805
3680	14180
6128	16628
23511	38849
23848	37620
22043	35741
9672	20172
304	10804
23031	37456
8940	19440
5495	15995
4578	15078
24398	38533
23221	38790
7610	18110
21244	38035
1365	11865
4845	15345
3338	13838
23015	35902
21046	36231
486	10986
21798	39401
10151	20651
1120	11620
23324	37045
23588	37970
10020	20520
7452	17952
23727	37397
794	11294
6283	16783
4511	15011
6858	17358
9849	20349
8182	18682
24841	39117
8270	18770
24356	38208
1616	12116
2445	12945
25476	38850
2752	13252
4142	14642
23540	36050
8775	19275
5124	15624
6930	17430
412	10912
8489	18989
23164	35387
9081	19581
23657	38714
8179	18679
4118	14618
5951	16451
1562	12062
7013	17513
1572	12072
24490	39169
2339	12839
9607	20107
23187	35156
24186	37968
24855	37787
8872	19372
9461	19961
3718	14218
5096	15596
8302	18802
21039	36804
5434	15934
24919	37032
22251	39187
4545	15045
1371	11871
4863	15363
25166	38868
4084	14584
3808	14308
21207	37291
5263	15763
6645	17145
7953	18453
9610	20110
5033	15533
9855	20355
295	10795
1989	12489
9825	20325
8494	18994
8608	19108
1987	12487
24447	39370
9435	19935
22117	39250
23028	36327
3696	14196
3381	13881
2596	13096
4652	15152
5588	16088
5768	16268
24266	38515
6063	16563
6151	16651
3645	14145
22694	38344
5381	15881
4920	15420
2224	12724
32	10532
6389	16889
22975	36777
3201	13701
5062	15562
6753	17253
1443	11943
10349	20849
24066	36655
8445	18945
22675	37092
9484	19984
6975	17475
21351	38343
8895	19395
1264	11764
6159	16659
5804	16304
338	10838
21465	37877
6003	16503
21087	39254
7901	18401
1292	11792
22050	36266
5470	15970
3383	13883
25280	37769
5284	15784
6082	16582
22924	38392
4618	15118
5775	16275
21677	37651
22388	37641
23464	38425
3946	14446
4097	14597
22813	37130
4015	14515
7734	18234
25057	38668
23807	38686
8350	18850
4741	15241
9116	19616
3583	14083
21240	38291
7687	18187
21384	38315
7116	17616
22129	36475
22927	39080
7424	17924
4945	15445
6310	16810
22564	38068
5703	16203
24511	36735
24	10524
3359	13859
23958	36544
2557	13057
22615	38219
5802	16302
1799	12299
6828	17328
2634	13134
4547	15047
5445	15945
5913	16413
10054	20554
2365	12865
1167	11667
695	11195
1641	12141
2025	12525
9552	20052
25011	38500
6288	16788
3495	13995
4195	14695
807	11307
8485	18985
1379	11879
100	10600
6424	16924
6139	16639
21099	38274
4496	14996
1725	12225
855	11355
2741	13241
4476	14976
3646	14146
4482	14982
9371	19871
8554	19054
9599	20099
2043	12543
24456	36382
22249	37699
10470	20970
4989	15489
22764	35848
3543	14043
22029	35240
8977	19477
9058	19558
272	10772
9793	20293
23873	36740
5612	16112
7754	18254
24665	38675
24468	38846
9267	19767
3501	14001
25452	35831
10492	20992
21449	36504
1779	12279
4757	15257
4492	14992
7065	17565
785	11285
3768	14268
23138	38805
7676	18176
7966	18466
2178	12678
8829	19329
7744	18244
2269	12769
3106	13606
9133	19633
4762	15262
6341	16841
9726	20226
23484	36398
6250	16750
4410	14910
22377	37497
25262	37230
1967	12467
8058	18558
1346	11846
9627	20127
21143	36093
22902	37639
1532	12032
6427	16927
22745	39547
23437	35307
3520	14020
2543	13043
843	11343
6967	17467
21703	35400
10478	20978
4323	14823
21317	37676
23763	38061
21676	38485
23471	36563
3702	14202
23922	38823
8731	19231
8597	19097
4269	14769
859	11359
22357	36370
6996	17496
10376	20876
10116	20616
22593	35181
5164	15664
5419	15919
732	11232
2704	13204
4303	14803
1410	11910
6976	17476
5473	15973
8431	18931
3038	13538
4574	15074
21589	36133
6882	17382
1998	12498
21406	36122
4986	15486
10198	20698
9805	20305
4542	15042
92	10592
21921	37428
6432	16932
24897	38328
3586	14086
22399	38864
1102	11602
21072	35440
5627	16127
1344	11844
5056	15556
560	11060
6271	16771
1055	11555
8361	18861
7448	17948
8204	18704
1556	12056
21042	37443
3515	14015
24644	36584
8012	18512
21192	35382
1527	12027
9123	19623
2192	12692
5541	16041
4766	15266
247	10747
21529	36638
22788	37086
10416	20916
1027	11527
6204	16704
5764	16264
21619	37496
3310	13810
22500	36157
10272	20772
5444	15944
4301	14801
1386	11886
5205	15705
955	11455
10359	20859
4598	15098
21986	38388
700	11200
7544	18044
23098	38155
24865	38967
8411	18911
43	10543
6761	17261
4702	15202
2853	13353
1795	12295
6885	17385
2139	12639
22288	37239
2638	13138
21726	36085
25119	36898
1179	11679
367	10867
765	11265
8573	19073
25321	38295
2460	12960
7115	17615
1062	11562
5915	16415
2398	12898
9074	19574
7162	17662
8219	18719
22663	36442
7924	18424
5504	16004
25055	36132
4068	14568
23935	39326
2201	12701
5393	15893
3092	13592
5008	15508
24976	39453
2901	13401
6314	16814
21935	36320
24265	39512
4359	14859
22414	35724
7618	18118
22138	35793
23207	37041
1313	11813
3978	14478
5112	15612
3777	14277
7604	18104
4550	15050
4039	14539
4246	14746
7992	18492
5448	15948
24619	37978
21815	39000
2834	13334
9083	19583
4570	15070
3330	13830
4119	14619
22487	37318
5128	15628
5097	15597
2367	12867
6291	16791
10310	20810
22324	37806
22612	36193
7844	18344
24648	37252
9558	20058
763	11263
23394	36317
3115	13615
21955	38765
4648	15148
7258	17758
628	11128
313	10813
4263	14763
21264	37485
862	11362
21965	39491
8046	18546
1583	12083
8346	18846
7110	17610
21108	38794
22573	38615
24140	39081
1966	12466
8212	18712
1334	11834
21579	36618
9785	20285
7314	17814
3527	14027
9324	19824
10391	20891
3846	14346
9909	20409
9493	19993
9421	19921
6705	17205
7766	18266
3620	14120
24242	35208
7123	17623
5841	16341
2851	13351
6920	17420
753	11253
23358	37781
22059	38741
4650	15150
168	10668
3787	14287
5963	16463
1235	11735
22440	37455
7516	18016
22959	37703
6219	16719
1325	11825
22109	35106
25481	39105
2818	13318
22840	35792
23062	35394
24742	38384
5836	16336
9466	19966
6366	16866
3891	14391
2840	13340
2998	13498
2864	13364
3977	14477
5900	16400
2990	13490
9285	19785
21423	38691
8526	19026
5922	16422
160	10660
2859	13359
5221	15721
23157	37506
23048	37298
22002	38901
21486	35731
21172	37907
21417	36702
21103	39429
22661	38450
976	11476
1475	11975
6176	16676
10100	20600
23809	35403
24918	35588
21245	39337
439	10939
25421	39377
7054	17554
1090	11590
24191	39281
25368	36069
3001	13501
5853	16353
1254	11754
1768	12268
6382	16882
4944	15444
664	11164
21855	37483
8143	18643
2090	12590
21060	39548
1470	11970
22603	35496
7120	17620
23445	39463
24681	35473
663	11163
10457	20957
7994	18494
2478	12978
9846	20346
5600	16100
23078	35608
7850	18350
1455	11955
8638	19138
7630	18130
7995	18495
22103	39100
9017	19517
2285	12785
23170	35857
4663	15163
6064	16564
24400	39099
22639	36064
22347	38401
1494	11994
23945	36415
22510	38692
7632	18132
8558	19058
8839	19339
7763	18263
9001	19501
2692	13192
458	10958
23608	38445
25239	35296
22565	36022
2030	12530
5238	15738
3905	14405
22159	36013
3590	14090
56	10556
1213	11713
9439	19939
9683	20183
8908	19408
5029	15529
6166	16666
7582	18082
25189	38357
216	10716
3297	13797
5658	16158
2892	13392
9193	19693
7959	18459
4397	14897
25108	36234
8807	19307
8867	19367
716	11216
4209	14709
5675	16175
1862	12362
549	11049
22189	38125
10452	20952
21381	37014
25196	39455
6561	17061
25450	37325
3180	13680
213	10713
3300	13800
2076	12576
3988	14488
21395	35716
1877	12377
914	11414
2320	12820
6438	16938
25072	36323
23382	35507
6460	16960
3979	14479
25178	38687
3825	14325
7163	17663
21401	37895
6349	16849
9807	20307
21422	39176
767	11267
6293	16793
21491	35522
8188	18688
3269	13769
23780	37171
25010	38151
10243	20743
3524	14024
7920	18420
22545	36826
1943	12443
9811	20311
2212	12712
23829	37193
1920	12420
6718	17218
8801	19301
9236	19736
25308	37914
23550	35356
9087	19587
7356	17856
5489	15989
1756	12256
826	11326
7549	18049
5310	15810
22397	36925
3336	13836
4879	15379
8483	18983
8371	18871
23108	39359
9732	20232
1635	12135
8006	18506
4213	14713
582	11082
3127	13627
23421	35295
2958	13458
22323	38589
23045	39074
3438	13938
7801	18301
2386	12886
21879	36529
22218	36519
25266	38351
24277	35164
25319	37406
5908	16408
24459	38567
22104	36411
24969	38745
21340	38055
24786	35517
24763	38103
3685	14185
306	10806
8209	18709
21199	36773
6173	16673
21842	36037
666	11166
9179	19679
23087	36140
9544	20044
22967	36869
21910	35656
24029	35167
9327	19827
6868	17368
326	10826
5057	15557
5956	16456
4257	14757
5538	16038
9719	20219
22557	38540
9810	20310
3047	13547
10229	20729
285	10785
2348	12848
2946	13446
8687	19187
21068	35714
23728	35262
25415	39557
24741	35938
2147	12647
6387	16887
869	11369
5518	16018
23009	37317
21799	35365
1935	12435
3112	13612
6085	16585
9939	20439
661	11161
25310	36513
22955	39230
24245	37236
2355	12855
22473	39127
10094	20594
21235	36913
10271	20771
25234	37011
5923	16423
21742	36098
22941	35747
8532	19032
22539	37630
3315	13815
24244	36516
5686	16186
24073	37760
1462	11962
1621	12121
6985	17485
24045	36800
8108	18608
22636	36920
3866	14366
21177	39159
1519	12019
7159	17659
9120	19620
9639	20139
10224	20724
3339	13839
21990	38784
9260	19760
7483	17983
2177	12677
6312	16812
4043	14543
1491	11991
21243	38348
9714	20214
8833	19333
8367	18867
2165	12665
9916	20416
7242	17742
8855	19355
3794	14294
21398	36284
2207	12707
6588	17088
23750	37303
21808	37564
10065	20565
24686	38293
9071	19571
6933	17433
2684	13184
24992	36071
6935	17435
3427	13927
772	11272
21469	35555
6195	16695
23831	37775
9481	19981
463	10963
23972	36789
10451	20951
22186	36092
5280	15780
7308	17808
22317	38325
23254	37162
445	10945
3125	13625
10210	20710
380	10880
23590	35962
488	10988
8028	18528
670	11170
21595	38410
6993	17493
2643	13143
4351	14851
23213	37290
3371	13871
3788	14288
5725	16225
6953	17453
3778	14278
4055	14555
7691	18191
24528	39212
8942	19442
4210	14710
23123	39170
23560	38656
23346	37404
24970	38101
2943	13443
8060	18560
8394	18894
23374	38826
21540	35275
9988	20488
1832	12332
25066	35505
6469	16969
5241	15741
3012	13512
23385	38043
22910	35338
24108	35585
24310	39129
4891	15391
1225	11725
8241	18741
24389	37461
4925	15425
24856	38525
851	11351
7647	18147
1620	12120
22283	37248
7783	18283
5082	15582
6837	17337
5166	15666
10088	20588
22939	35469
21032	37237
6062	16562
7440	17940
8650	19150
7892	18392
21707	36346
2651	13151
1704	12204
2396	12896
1541	12041
7747	18247
25223	37287
7879	18379
5901	16401
21979	37541
1745	12245
4770	15270
2989	13489
3147	13647
24071	36306
6634	17134
3154	13654
23923	39535
24737	36352
4638	15138
3640	14140
4004	14504
8151	18651
6534	17034
9657	20157
21164	36237
25037	36696
2422	12922
3679	14179
8747	19247
1977	12477
6051	16551
1189	11689
4229	14729
23529	37870
6651	17151
24529	38546
7139	17639
1669	12169
600	11100
24506	39442
21966	37649
4100	14600
22946	36725
5738	16238
21018	38139
3647	14147
21854	35750
4048	14548
2928	13428
4552	15052
7505	18005
23794	35261
22404	37842
23788	39188
9273	19773
5822	16322
21003	36274
3888	14388
24207	37352
22863	35541
4051	14551
2685	13185
23171	38545
23137	37695
21409	35351
564	11064
303	10803
7530	18030
975	11475
23601	37992
22735	39058
2711	13211
23897	38304
3206	13706
22406	36533
23155	37747
9034	19534
2098	12598
9008	19508
21627	36077
4471	14971
418	10918
8595	19095
7842	18342
10277	20777
3107	13607
23130	38622
2920	13420
24939	39206
21995	36506
4939	15439
22962	35238
10213	20713
7934	18434
2234	12734
1921	12421
2793	13293
4588	15088
9543	20043
5079	15579
6375	16875
24188	38611
21527	36021
5491	15991
23352	35722
23244	37190
9527	20027
5907	16407
7851	18351
9663	20163
4634	15134
2222	12722
23158	38636
2356	12856
23920	39549
3057	13557
25186	35834
8816	19316
6915	17415
9131	19631
4326	14826
4289	14789
5863	16363
23689	35557
22577	36586
1525	12025
22208	35908
8921	19421
22646	39408
5135	15635
137	10637
2173	12673
22361	38905
25498	38316
4240	14740
5572	16072
21963	39121
4186	14686
3363	13863
24858	36479
5895	16395
8641	19141
22316	36534
2250	12750
2252	12752
4980	15480
8631	19131
8155	18655
21293	38197
6654	17154
1236	11736
7513	18013
9941	20441
25080	37413
8860	19360
2493	12993
23446	36496
24328	37341
9504	20004
24778	36423
3082	13582
9186	19686
1785	12285
9949	20449
9211	19711
249	10749
477	10977
24061	35572
3943	14443
5435	15935
1234	11734
30	10530
25316	35161
5208	15708
9262	19762
5909	16409
7029	17529
1495	11995
7172	17672
4712	15212
24085	39532
23568	35383
21563	39285
9896	20396
123	10623
22526	39017
10469	20969
1610	12110
22585	36575
6004	16504
4152	14652
6631	17131
23052	36894
5746	16246
10203	20703
4662	15162
6735	17235
1423	11923
24994	37697
2812	13312
24676	36624
24561	35773
8604	19104
3133	13633
8487	18987
24975	36885
24598	38265
7349	17849
1106	11606
24960	36851
6851	17351
23483	35981
6671	17171
9368	19868
9554	20054
10127	20627
845	11345
6607	17107
7042	17542
9835	20335
2440	12940
8224	18724
24476	36809
1657	12157
231	10731
2541	13041
6378	16878
6218	16718
23534	37625
145	10645
24874	38398
2813	13313
1662	12162
4433	14933
1268	11768
4003	14503
10122	20622
3382	13882
340	10840
8260	18760
23917	37008
7020	17520
3841	14341
3354	13854
22269	37356
3701	14201
10476	20976
2302	12802
899	11399
5987	16487
2420	12920
2983	13483
2458	12958
9046	19546
9261	19761
3709	14209
7498	17998
25006	38973
4388	14888
1302	11802
1727	12227
24596	39234
6272	16772
23947	36726
8154	18654
8342	18842
1174	11674
10489	20989
8953	19453
6331	16831
7228	17728
4862	15362
2635	13135
1868	12368
385	10885
3102	13602
3772	14272
2809	13309
8683	19183
3863	14363
21942	35462
22076	35416
21755	35671
5411	15911
4693	15193
2709	13209
10096	20596
24339	35364
10189	20689
23610	36283
1250	11750
7905	18405
24429	36940
4758	15258
22356	36515
691	11191
3802	14302
6174	16674
2442	12942
1185	11685
4122	14622
4379	14879
2277	12777
25130	37607
9584	20084
983	11483
8149	18649
23742	38463
22071	36772
22697	38331
5502	16002
24132	39214
25179	35246
4567	15067
3689	14189
5410	15910
24650	38044
3775	14275
4044	14544
1655	12155
23712	39268
5618	16118
23162	38582
4239	14739
2617	13117
4291	14791
39	10539
24808	37937
7982	18482
9379	19879
6483	16983
25050	35579
8508	19008
2981	13481
21226	36202
1499	11999
5949	16449
4162	14662
5858	16358
9880	20380
10302	20802
598	11098
5299	15799
7652	18152
22136	36086
21791	37331
21158	35690
2850	13350
21453	36322
6367	16867
9391	19891
1218	11718
24907	38711
3457	13957
23952	38690
8881	19381
6638	17138
9140	19640
21028	37319
2862	13362
2259	12759
21180	39018
6185	16685
22710	38983
8197	18697
7526	18026
9424	19924
22810	35733
22511	35753
23832	38493
25207	37386
3141	13641
8061	18561
451	10951
682	11182
3817	14317
4568	15068
6987	17487
21554	39541
7644	18144
3800	14300
7922	18422
2791	13291
24540	35521
4779	15279
3389	13889
9937	20437
7036	17536
8632	19132
627	11127
22320	35955
3843	14343
25451	37344
25366	37826
24296	37070
7931	18431
1953	12453
8074	18574
3821	14321
2283	12783
23356	35649
6998	17498
864	11364
4254	14754
3874	14374
8192	18692
24626	39183
21392	37109
10193	20693
3175	13675
3786	14286
8315	18815
23271	38662
1152	11652
2579	13079
6450	16950
8086	18586
10062	20562
5573	16073
6396	16896
6787	17287
25488	38091
23436	39360
10074	20574
3256	13756
4551	15051
25359	36608
23883	36419
8711	19211
6339	16839
5717	16217
22572	36055
9183	19683
7488	17988
4519	15019
1390	11890
3171	13671
5404	15904
1191	11691
4113	14613
1373	11873
9873	20373
5180	15680
21704	35210
23636	36587
22817	35372
5744	16244
364	10864
7059	17559
1597	12097
25301	37954
3041	13541
23397	36314
1166	11666
22040	36751
7972	18472
3351	13851
23702	37182
6434	16934
1994	12494
24622	35833
4038	14538
10019	20519
2542	13042
9500	20000
898	11398
10180	20680
23823	35319
7243	17743
7179	17679
2910	13410
23269	35959
139	10639
24391	36738
5724	16224
24288	37101
8002	18502
22966	36383
1752	12252
1739	12239
9570	20070
791	11291
24757	38610
9353	19853
21920	38059
2156	12656
2786	13286
9620	20120
6138	16638
4439	14939
4828	15328
1968	12468
8039	18539
10426	20926
7325	17825
7949	18449
9242	19742
9743	20243
23320	38436
25202	36181
6223	16723
224	10724
4616	15116
1219	11719
9059	19559
9826	20326
22546	37731
6237	16737
21844	38585
3744	14244
22676	37244
9517	20017
6468	16968
8275	18775
22145	36328
23355	37595
10112	20612
8863	19363
5183	15683
23784	39179
3094	13594
1861	12361
21807	35637
7447	17947
24666	35301
22461	37855
22408	35434
22139	35458
1363	11863
21499	36010
24836	36103
24178	37797
4182	14682
5684	16184
22083	36048
10238	20738
5047	15547
7302	17802
1343	11843
5371	15871
24360	38160
8264	18764
7668	18168
6743	17243
5884	16384
1926	12426
22859	37549
6143	16643
23461	39560
5645	16145
3962	14462
21715	38699
21024	35410
1842	12342
1469	11969
8765	19265
917	11417
4975	15475
24313	36918
7446	17946
23621	36591
8208	18708
22112	37420
3713	14213
22226	36008
21442	36507
5103	15603
2109	12609
4198	14698
3927	14427
8571	19071
4014	14514
22237	38751
1692	12192
1909	12409
901	11401
23378	36654
6100	16600
5848	16348
23713	38264
5646	16146
300	10800
24909	36240
3940	14440
9312	19812
1604	12104
35	10535
25267	38076
9791	20291
6026	16526
7917	18417
22128	38627
21521	36776
79	10579
7640	18140
21568	35476
23526	35827
4429	14929
3289	13789
2378	12878
10055	20555
24517	36461
7332	17832
24450	35439
4832	15332
7467	17967
5788	16288
3644	14144
8730	19230
24219	38948
10215	20715
1829	12329
2314	12814
8836	19336
7119	17619
25333	35876
9220	19720
23220	37274
6946	17446
9216	19716
22419	37177
7502	18002
1501	12001
9800	20300
8085	18585
45	10545
9701	20201
6886	17386
5568	16068
25137	35499
21858	38326
23314	37266
24500	39019
22175	36547
5533	16033
22379	36570
161	10661
1446	11946
6125	16625
7400	17900
8150	18650
23607	35278
6044	16544
8365	18865
1689	12189
4362	14862
7906	18406
21043	35930
9737	20237
21582	37689
8052	18552
3668	14168
7174	17674
7237	17737
8514	19014
23373	37339
8244	18744
6127	16627
9659	20159
3990	14490
7911	18411
6152	16652
40	10540
7761	18261
2505	13005
3637	14137
4463	14963
23725	37501
805	11305
2197	12697
21787	36030
5143	15643
6513	17013
10285	20785
9337	19837
9832	20332
22068	35323
2351	12851
10253	20753
4531	15031
23546	37539
8614	19114
5780	16280
8759	19259
7566	18066
24144	38080
8796	19296
5172	15672
22457	37468
23706	39527
3738	14238
3740	14240
22937	37199
22254	38106
9187	19687
23119	36272
3598	14098
7152	17652
9589	20089
3882	14382
23913	37613
23297	38446
23619	36223
21869	36147
2345	12845
8695	19195
22282	37838
3494	13994
23302	35868
4422	14922
7884	18384
6246	16746
9995	20495
2228	12728
9968	20468
25287	35148
5440	15940
3398	13898
5113	15613
6704	17204
4025	14525
3395	13895
21380	38713
4284	14784
3525	14025
9518	20018
2071	12571
9278	19778
73	10573
749	11249
5505	16005
23147	37887
4999	15499
25294	37277
24015	37464
10366	20866
6713	17213
133	10633
7334	17834
1873	12373
252	10752
6620	17120
1550	12050
6838	17338
1619	12119
8952	19452
6740	17240
22240	35596
22790	37940
1144	11644
6190	16690
3198	13698
4967	15467
9505	20005
25489	37052
8460	18960
3528	14028
7936	18436
8417	18917
10389	20889
4773	15273
10066	20566
4513	15013
6622	17122
25191	35751
4850	15350
1577	12077
4661	15161
1726	12226
23978	35495
23066	37961
21886	37395
21415	38441
23661	37471
8626	19126
2049	12549
22358	39555
2153	12653
3240	13740
4469	14969
22978	35915
1266	11766
2849	13349
2373	12873
24957	36629
686	11186
4872	15372
8380	18880
23328	35818
1551	12051
8620	19120
5245	15745
23019	39067
4512	15012
4328	14828
22558	36937
5944	16444
9783	20283
2120	12620
996	11496
3178	13678
22926	35384
7832	18332
22600	39014
3042	13542
22261	36116
8636	19136
3018	13518
6108	16608
3466	13966
4457	14957
9762	20262
1296	11796
5955	16455
4753	15253
6602	17102
10003	20503
6451	16951
5051	15551
3321	13821
7389	17889
25096	36110
9024	19524
2744	13244
3481	13981
3163	13663
21894	35143
7206	17706
2114	12614
1056	11556
24512	36285
22037	38337
6045	16545
2539	13039
7827	18327
24928	37498
24069	36607
24046	38501
3657	14157
2298	12798
7639	18139
23438	37633
8782	19282
10090	20590
24971	35304
5197	15697
3200	13700
3574	14074
9902	20402
25051	37178
5413	15913
5898	16398
7951	18451
8896	19396
1110	11610
3886	14386
5758	16258
5867	16367
7558	18058
3566	14066
8454	18954
8360	18860
2317	12817
21573	36806
3600	14100
6001	16501
10176	20676
9860	20360
25033	35209
6608	17108
6606	17106
4892	15392
22807	35761
8934	19434
1701	12201
24301	36213
1992	12492
1614	12114
9712	20212
138	10638
8938	19438
23354	37016
22517	38929
197	10697
5038	15538
6596	17096
5436	15936
25454	36796
2437	12937
3610	14110
476	10976
22818	37141
23802	38280
8736	19236
8247	18747
8684	19184
9751	20251
21738	38804
9212	19712
443	10943
719	11219
6230	16730
9806	20306
1647	12147
10078	20578
3519	14019
23566	36245
24017	37459
4029	14529
462	10962
24863	36830
6630	17130
372	10872
8282	18782
23787	38499
10154	20654
4075	14575
3044	13544
3761	14261
2897	13397
8574	19074
9250	19750
10159	20659
5519	16019
8891	19391
3456	13956
24103	39328
5066	15566
8319	18819
21344	39149
24624	37293
25160	39403
9088	19588
22142	36942
24922	35123
9756	20256
262	10762
24238	36439
5970	16470
3081	13581
8670	19170
10357	20857
3397	13897
9445	19945
9184	19684
5244	15744
4468	14968
6673	17173
9972	20472
8656	19156
3880	14380
1393	11893
6721	17221
2115	12615
4976	15476
24764	38086
21081	36964
8468	18968
9963	20463
21638	36999
21766	37439
23504	36880
527	11027
7247	17747
9536	20036
324	10824
3194	13694
21115	37721
8186	18686
5790	16290
6273	16773
4751	15251
9901	20401
23700	36599
24988	37437
10294	20794
21668	37960
6583	17083
21152	35730
22009	35899
2446	12946
253	10753
25470	36146
6487	16987
21250	37416
504	11004
22125	38819
10182	20682
8677	19177
25085	39331
5925	16425
25215	35242
3714	14214
5934	16434
2101	12601
9604	20104
7003	17503
6433	16933
3636	14136
809	11309
21150	36371
9585	20085
1903	12403
24358	35815
9979	20479
3344	13844
21923	38609
1073	11573
350	10850
10459	20959
24463	38708
23133	36041
7834	18334
8292	18792
23946	36079
21661	39115
2806	13306
6795	17295
2515	13015
24968	38808
23208	36456
10363	20863
10425	20925
24231	35176
23154	37373
6567	17067
6	10506
23077	36861
3307	13807
2054	12554
882	11382
22047	36384
3065	13565
3303	13803
4645	15145
22843	39585
10381	20881
22303	37873
9235	19735
6066	16566
709	11209
22341	38424
9862	20362
1975	12475
5662	16162
6411	16911
8968	19468
24273	35657
797	11297
21961	37876
22221	35719
4375	14875
4396	14896
23275	35842
4007	14507
4530	15030
1352	11852
5155	15655
25441	37764
22332	35464
9764	20264
24491	38512
881	11381
2948	13448
563	11063
21325	36743
1154	11654
22088	35759
2650	13150
10061	20561
10071	20571
8132	18632
22344	38985
21570	36149
402	10902
23392	35330
2848	13348
2237	12737
8280	18780
2226	12726
21985	36109
296	10796
6891	17391
7849	18349
1734	12234
5463	15963
6121	16621
21078	36061
6817	17317
9457	19957
8175	18675
7118	17618
841	11341
10374	20874
21353	36817
9022	19522
23239	38510
7486	17986
21700	36431
9145	19645
4590	15090
610	11110
1760	12260
5018	15518
781	11281
22673	38762
21402	39185
2753	13253
6841	17341
6294	16794
945	11445
4042	14542
1223	11723
2716	13216
21182	35317
3785	14285
5358	15858
5674	16174
10199	20699
7281	17781
25435	37189
22919	36501
21943	37307
1611	12111
354	10854
8624	19124
1064	11564
3502	14002
6324	16824
23067	36301
2349	12849
5222	15722
22606	38971
9192	19692
21667	36782
24077	39139
4889	15389
24177	38511
6893	17393
24019	37412
2008	12508
1617	12117
21887	38677
1961	12461
10244	20744
5673	16173
23553	35823
2996	13496
7497	17997
6626	17126
24311	35645
5309	15809
6501	17001
21202	39213
23691	37374
7986	18486
3805	14305
6783	17283
1729	12229
23878	38250
23176	38822
4529	15029
3913	14413
3612	14112
7450	17950
22631	39104
3271	13771
22074	36159
5563	16063
22285	39517
5557	16057
6445	16945
23501	35453
21981	38335
4327	14827
2748	13248
6971	17471
3526	14026
7581	18081
22355	35628
22871	36222
6216	16716
8819	19319
2287	12787
8783	19283
2335	12835
9947	20447
9679	20179
6887	17387
5978	16478
6725	17225
5009	15509
23646	37407
2434	12934
21940	35748
7380	17880
3282	13782
398	10898
25040	35206
22726	39205
4282	14782
23073	35652
8642	19142
5742	16242
23969	36350
7167	17667
8584	19084
828	11328
24486	35112
21688	38773
24959	37403
7680	18180
10461	20961
7363	17863
21459	38194
10095	20595
678	11178
23858	39421
1013	11513
23366	37033
4626	15126
7978	18478
2613	13113
21679	38060
4820	15320
22496	38198
3781	14281
22505	38352
1300	11800
55	10555
21598	37586
2924	13424
8285	18785
4491	14991
495	10995
22774	36215
24420	38173
6819	17319
2815	13315
8326	18826
4179	14679
2956	13456
22950	35824
3790	14290
21365	37186
3564	14064
1761	12261
9658	20158
24674	37701
22733	36927
4822	15322
21971	36478
4926	15426
1722	12222
7866	18366
3682	14182
6385	16885
109	10609
23218	36682
3279	13779
1221	11721
6895	17395
2512	13012
9315	19815
4622	15122
8950	19450
3160	13660
5952	16452
8063	18563
919	11419
498	10998
22319	36003
4903	15403
23053	38090
21389	35961
1808	12308
24787	39180
6067	16567
4393	14893
2561	13061
6023	16523
4653	15153
10056	20556
4083	14583
9492	19992
22154	37862
1672	12172
21555	37910
5157	15657
238	10738
21256	37301
1710	12210
6896	17396
5186	15686
3331	13831
335	10835
1721	12221
24286	38617
22036	36916
5405	15905
3851	14351
2788	13288
3483	13983
7667	18167
1038	11538
4640	15140
1504	12004
1360	11860
2584	13084
1568	12068
2141	12641
22629	36523
315	10815
23493	36056
390	10890
25334	38216
23350	36850
6165	16665
2936	13436
9641	20141
703	11203
21911	39125
3209	13709
21015	38855
1188	11688
1575	12075
217	10717
1854	12354
7183	17683
4656	15156
4437	14937
8388	18888
23523	36891
21102	37570
24609	36007
23716	37861
977	11477
9943	20443
21794	36309
10242	20742
24087	37770
24555	37279
966	11466
4800	15300
2994	13494
9025	19525
23217	36058
5982	16482
7678	18178
24958	35352
6799	17299
22655	37898
3329	13829
4940	15440
6944	17444
21915	35321
23054	35964
21830	35659
6112	16612
6742	17242
8475	18975
21902	36360
1764	12264
1703	12203
6391	16891
21439	35987
6473	16973
25183	38449
1914	12414
7794	18294
2075	12575
25187	37577
8884	19384
2964	13464
22265	36914
23571	39133
23793	35263
21917	38131
2885	13385
6360	16860
22677	36670
5048	15548
1944	12444
118	10618
6878	17378
9804	20304
24941	36946
3318	13818
2798	13298
23448	39204
6902	17402
23744	38743
8581	19081
23907	35185
21670	36247
7506	18006
21002	38420
4725	15225
8560	19060
3264	13764
2955	13455
4603	15103
5278	15778
7545	18045
7005	17505
5832	16332
5877	16377
8787	19287
23942	35786
22982	39271
4059	14559
10464	20964
1742	12242
21253	38356
8802	19302
7499	17999
2510	13010
24819	35985
8911	19411
21693	36818
5011	15511
25322	36293
2968	13468
2573	13073
21387	38223
7031	17531
10261	20761
5177	15677
21520	37661
9459	19959
9399	19899
4793	15293
24661	36459
9978	20478
22681	39108
3531	14031
3193	13693
578	11078
22844	38782
21023	35222
23854	39228
4571	15071
24746	36803
22219	38190
8915	19415
8098	18598
23030	37235
22591	38812
22495	36289
1514	12014
107	10607
21209	37771
6972	17472
4234	14734
3903	14403
2832	13332
21404	39510
21828	38925
4391	14891
3553	14053
23121	38917
25295	36376
22692	37858
7233	17733
6132	16632
7333	17833
8761	19261
7150	17650
3654	14154
23570	35695
4841	15341
21846	35920
5526	16026
22135	38083
22679	37982
10111	20611
24381	35251
2801	13301
24312	37184
8426	18926
7674	18174
8287	18787
970	11470
24412	37163
10162	20662
5	10505
22080	38542
668	11168
2869	13369
21348	36062
7888	18388
21350	35373
10241	20741
4465	14965
21288	36678
24945	36005
5020	15520
1732	12232
24013	39481
8089	18589
5356	15856
9920	20420
7419	17919
21027	37272
1370	11870
10174	20674
4159	14659
25035	37031
3593	14093
455	10955
5313	15813
23262	39590
21425	36339
1066	11566
22446	35286
8087	18587
1289	11789
1158	11658
8156	18656
7157	17657
1737	12237
25348	36189
22415	35743
816	11316
9750	20250
1805	12305
5335	15835
9533	20033
3998	14498
4217	14717
2447	12947
22664	35639
21265	38756
2106	12606
25423	38564
22669	38433
5478	15978
8975	19475
21543	37009
25414	36601
5685	16185
21588	38852
1520	12020
4400	14900
6637	17137
174	10674
10067	20567
25100	35550
8461	18961
25288	35676
2894	13394
22952	39365
5288	15788
2614	13114
21370	37521
2911	13411
3643	14143
8073	18573
22305	38576
21909	36111
2190	12690
804	11304
22101	39405
23943	38558
25434	36568
3729	14229
21750	37640
22250	37242
2560	13060
7600	18100
1439	11939
8772	19272
22504	38478
5501	16001
9906	20406
7599	18099
9259	19759
22621	35461
4623	15123
10130	20630
5550	16050
8424	18924
10260	20760
9844	20344
6245	16745
22942	38960
8162	18662
4520	15020
10468	20968
1184	11684
2084	12584
23047	35903
1183	11683
5794	16294
9281	19781
25087	38752
3692	14192
7571	18071
4946	15446
9694	20194
24008	38381
2773	13273
22671	38132
5752	16252
6041	16541
4921	15421
2772	13272
9530	20030
21135	35133
25490	35417
3573	14073
9852	20352
8598	19098
4572	15072
4271	14771
9740	20240
2656	13156
6251	16751
9321	19821
21487	37469
6808	17308
23659	36087
2086	12586
325	10825
5131	15631
754	11254
9331	19831
3769	14269
480	10980
834	11334
3417	13917
3868	14368
1715	12215
7615	18115
4556	15056
21254	38860
8416	18916
9950	20450
24341	36672
7775	18275
25485	38654
22366	35598
8630	19130
434	10934
5389	15889
9812	20312
2260	12760
9206	19706
8941	19441
9615	20115
1959	12459
22195	38635
21362	38498
1252	11752
4203	14703
1182	11682
22566	38937
22340	35512
6150	16650
4322	14822
2393	12893
2825	13325
22210	38778
5510	16010
24062	36837
5897	16397
3512	14012
4290	14790
7216	17716
22954	38926
1816	12316
23290	36953
4225	14725
3762	14262
25492	35742
21178	39059
10454	20954
4130	14630
9910	20410
4819	15319
24065	39260
21536	38006
2686	13186
3898	14398
9986	20486
7295	17795
23685	38443
798	11298
5964	16464
21000	37079
3235	13735
9624	20124
505	11005
2456	12956
683	11183
25245	35548
3056	13556
6555	17055
1058	11558
21615	37828
8211	18711
954	11454
8541	19041
23778	38471
4408	14908
5027	15527
206	10706
24638	39294
9715	20215
2331	12831
10264	20764
3596	14096
7894	18394
9771	20271
5498	15998
200	10700
22872	35578
724	11224
22107	39016
3410	13910
22837	38373
9717	20217
22441	35886
25465	36446
23112	36112
5582	16082
1123	11623
4687	15187
8622	19122
5821	16321
24745	35592
9499	19999
25229	38459
24798	37090
9052	19552
1395	11895
21444	36429
3479	13979
23660	36853
365	10865
21600	39356
7967	18467
21170	37756
565	11065
735	11235
9754	20254
24304	38097
9822	20322
6728	17228
23452	38028
10293	20793
5206	15706
23395	36374
22702	38899
21112	35944
203	10703
7357	17857
22428	37865
1748	12248
7414	17914
23779	39393
2528	13028
21287	38032
1936	12436
9064	19564
24051	38365
21076	38144
24022	35470
7848	18348
22132	38135
24095	35871
8502	19002
5592	16092
10164	20664
8732	19232
7693	18193
24404	36980
24455	38456
24388	37378
8652	19152
25009	36277
24243	35600
9349	19849
8122	18622
2776	13276
1711	12211
822	11322
7097	17597
6800	17300
4764	15264
23085	37948
8814	19314
4585	15085
21590	36719
2667	13167
24457	37069
10379	20879
5344	15844
1787	12287
24156	39152
9299	19799
22665	35866
5564	16064
23738	37273
21464	37709
7261	17761
7810	18310
5372	15872
795	11295
465	10965
24709	36616
2000	12500
5209	15709
7739	18239
2304	12804
4440	14940
2691	13191
8696	19196
7704	18204
355	10855
22756	35634
21116	38009
24724	37740
1830	12330
24148	37342
9702	20202
9080	19580
5745	16245
9994	20494
24698	35166
25300	38670
8754	19254
21578	35718
9450	19950
5506	16006
4589	15089
23815	36823
3773	14273
637	11137
2852	13352
2763	13263
3052	13552
9091	19591
24096	37798
3192	13692
10498	20998
24820	36787
648	11148
7722	18222
23127	36121
9821	20321
7971	18471
22278	37900
22630	35843
3742	14242
24699	39054
6400	16900
8862	19362
6281	16781
8359	18859
68	10568
3816	14316
7244	17744
23325	38697
6801	17301
23973	37527
8879	19379
4467	14967
23905	37974
9392	19892
3040	13540
23518	35287
24292	37808
21806	36542
21632	35099
1022	11522
1869	12369
24374	37622
4955	15455
22642	37801
10014	20514
9514	20014
2172	12672
908	11408
2015	12515
9177	19677
2347	12847
9119	19619
25438	37574
1915	12415
6279	16779
226	10726
5966	16466
9269	19769
7613	18113
9935	20435
5677	16177
1100	11600
4251	14751
8815	19315
5065	15565
7839	18339
24740	37394
9686	20186
8314	18814
2941	13441
1517	12017
25073	36141
9494	19994
8985	19485
8266	18766
9029	19529
9129	19629
23533	39400
9964	20464
9563	20063
24395	39581
2203	12703
3892	14392
6981	17481
24588	38738
25227	38360
4483	14983
23496	36032
461	10961
23069	37991
24750	37044
22378	35379
23709	39064
8920	19420
10284	20784
22509	36875
6810	17310
3155	13655
3498	13998
23565	39043
8890	19390
25101	37258
21559	36598
1807	12307
1526	12026
22021	38447
23393	38785
808	11308
9700	20200
9489	19989
25021	37093
24489	37445
9255	19755
4752	15252
974	11474
84	10584
22417	39382
6656	17156
553	11053
6123	16623
3853	14353
70	10570
6292	16792
4157	14657
22192	38012
585	11085
7777	18277
7025	17525
25278	35728
22932	36780
7251	17751
4248	14748
1693	12193
7009	17509
21545	38934
8760	19260
24306	36633
23150	37670
812	11312
4472	14972
3952	14452
8576	19076
1990	12490
8544	19044
2624	13124
7736	18236
1922	12422
244	10744
2371	12871
7128	17628
9892	20392
9237	19737
4993	15493
22318	38307
3989	14489
3920	14420
24597	39389
8300	18800
24110	35625
408	10908
8572	19072
22391	36679
24118	39343
3104	13604
24370	35245
4477	14977
2413	12913
22065	39116
8764	19264
22519	37029
5847	16347
4997	15497
7583	18083
2073	12573
9109	19609
8278	18778
7046	17546
5609	16109
1132	11632
25126	39197
22266	37728
24053	35999
3195	13695
22575	38389
9653	20153
23074	36562
9605	20105
24348	39029
22290	35651
1833	12333
5946	16446
24683	38658
21433	37663
2216	12716
21123	35285
1601	12101
2482	12982
22523	38848
4312	14812
6720	17220
7114	17614
999	11499
7212	17712
530	11030
22203	35424
23833	36487
7984	18484
4735	15235
23573	37523
9960	20460
5499	15999
25198	37269
5352	15852
25042	39297
4173	14673
6733	17233
4742	15242
8727	19227
9249	19749
4474	14974
1762	12262
4023	14523
6180	16680
22635	35525
23665	35482
8756	19256
9248	19748
1249	11749
1749	12249
2789	13289
3878	14378
8653	19153
6962	17462
6136	16636
21752	38193
5556	16056
8442	18942
22649	35829
23963	35203
22497	38172
23912	37099
7661	18161
21005	35900
2677	13177
9912	20412
1750	12250
7977	18477
5362	15862
3641	14141
5488	15988
8166	18666
6693	17193
3809	14309
21897	36887
6610	17110
3546	14046
9181	19681
10153	20653
1466	11966
3355	13855
2536	13036
8009	18509
7602	18102
22960	36546
929	11429
8099	18599
23894	36750
7622	18122
9864	20364
717	11217
5275	15775
21471	39312
24595	38167
9519	20019
6813	17313
9515	20015
3443	13943
25282	38775
24268	37487
519	11019
24168	36294
1358	11858
12	10512
2299	12799
5044	15544
5279	15779
2062	12562
22820	37223
7993	18493
10191	20691
5831	16331
5308	15808
4927	15427
1908	12408
9126	19626
9483	19983
24752	38724
23820	36051
8913	19413
9084	19584
7673	18173
2129	12629
129	10629
9851	20351
2588	13088
9229	19729
4685	15185
3285	13785
8694	19194
2590	13090
1744	12244
5000	15500
6617	17117
8283	18783
624	11124
5188	15688
4350	14850
6695	17195
4515	15015
10431	20931
25389	38367
7125	17625
8637	19137
24831	35260
6160	16660
4668	15168
1778	12278
6978	17478
649	11149
736	11236
9031	19531
3136	13636
2666	13166
8307	18807
23990	37270
23976	37637
23688	37768
22052	38246
21924	38455
6759	17259
2033	12533
9623	20123
2179	12679
23422	37835
8013	18513
3374	13874
8786	19286
21095	37381
6947	17447
21280	36295
5493	15993
9718	20218
21976	36417
4934	15434
23554	36526
25150	35913
241	10741
66	10566
24721	37037
1048	11548
4969	15469
23166	38092
1109	11609
21717	35230
2610	13110
24151	37073
2256	12756
21746	39563
3544	14044
8019	18519
657	11157
10321	20821
239	10739
23405	37002
8601	19101
21610	38222
21045	38072
2354	12854
2315	12815
4781	15281
902	11402
21037	37856
7026	17526
6690	17190
4449	14949
3704	14204
23651	38614
8110	18610
261	10761
21266	36402
9270	19770
1402	11902
6913	17413
3720	14220
24713	37758
2917	13417
9921	20421
2597	13097
2688	13188
21310	39222
21918	36390
10234	20734
25362	35840
5227	15727
23997	37165
322	10822
10382	20882
23236	39215
9697	20197
21852	36485
19	10519
9082	19582
5042	15542
21311	39013
23895	35213
24834	38572
7648	18148
7500	18000
1772	12272
9425	19925
6639	17139
4080	14580
25265	39154
3506	14006
3124	13624
22789	36901
24105	38396
9488	19988
2725	13225
25286	35669
8242	18742
7875	18375
21284	35892
4719	15219
9790	20290
21867	35820
22908	38772
8751	19251
1822	12322
5700	16200
7902	18402
5006	15506
1492	11992
23344	39511
10146	20646
25093	39042
9526	20026
23118	36594
21431	38127
9326	19826
23680	36070
1407	11907
9413	19913
21934	37744
21608	36520
1086	11586
9990	20490
6689	17189
2243	12743
4035	14535
2219	12719
7918	18418
9398	19898
9854	20354
24760	35693
6033	16533
3098	13598
23430	36400
10471	20971
6164	16664
4514	15014
5242	15742
5374	15874
23845	38811
24953	37380
5052	15552
702	11202
6568	17068
22827	36881
4385	14885
10140	20640
24390	37385
6814	17314
1364	11864
9967	20467
6870	17370
25412	37779
24702	39210
24363	37125
7950	18450
6266	16766
22846	38933
7757	18257
23041	37285
3930	14430
2908	13408
24470	35562
5565	16065
21261	38185
7221	17721
4376	14876
4971	15471
8922	19422
2282	12782
1676	12176
25332	35368
301	10801
22094	36954
5153	15653
2872	13372
2336	12836
7134	17634
10113	20613
5426	15926
7712	18212
6370	16870
7279	17779
396	10896
8864	19364
24582	39051
4897	15397
9290	19790
23026	37222
1733	12233
22412	35990
2696	13196
9734	20234
8963	19463
2485	12985
3159	13659
2410	12910
3207	13707
6737	17237
2272	12772
6335	16835
9401	19901
21308	36166
3687	14187
21320	39235
5957	16457
24218	39076
21165	35454
9931	20431
21390	35966
22374	35672
4085	14585
4633	15133
24319	39229
23226	35258
5332	15832
4158	14658
7492	17992
5532	16032
24272	36576
9405	19905
9677	20177
2569	13069
23237	38413
10323	20823
8185	18685
5450	15950
21872	38768
22479	36932
8168	18668
24441	37809
6957	17457
1982	12482
9777	20277
10481	20981
24944	38552
1879	12379
24471	36059
6068	16568
22744	38207
8602	19102
5176	15676
7340	17840
10121	20621
4174	14674
21509	35493
5503	16003
5350	15850
8959	19459
2841	13341
734	11234
5837	16337
6254	16754
147	10647
23348	36228
4149	14649
22860	39103
21138	37518
99	10599
669	11169
21053	35973
1214	11714
10340	20840
1098	11598
24731	38332
1321	11821
23998	35894
5458	15958
3935	14435
1588	12088
2927	13427
24453	37981
8323	18823
21498	36471
111	10611
22438	39023
349	10849
6209	16709
3404	13904
3350	13850
4091	14591
21434	35347
9508	20008
3100	13600
3906	14406
1093	11593
24492	36668
9174	19674
7464	17964
21347	35852
21420	35685
2042	12542
7946	18446
1129	11629
2057	12557
9019	19519
21875	38256
1460	11960
21496	35821
4866	15366
8409	18909
9148	19648
23178	38375
6258	16758
5930	16430
1210	11710
22168	38363
23617	38619
5980	16480
23839	38532
5053	15553
2777	13277
3218	13718
7490	17990
25195	38434
1599	12099
21580	35355
2658	13158
4610	15110
21198	36555
21933	37358
9151	19651
9030	19530
1765	12265
10233	20733
9446	19946
5341	15841
7856	18356
10320	20820
4438	14938
148	10648
23036	37241
4960	15460
9458	19958
640	11140
706	11206
2736	13236
127	10627
21557	35491
8795	19295
3540	14040
24269	35154
5364	15864
8478	18978
21517	35492
7315	17815
4553	15053
10292	20792
21173	37903
23209	35270
1651	12151
3293	13793
2623	13123
1348	11848
24966	38495
8152	18652
23180	35846
3801	14301
25466	36457
21299	39354
24803	35393
6090	16590
796	11296
22045	37087
8352	18852
2301	12801
8853	19353
5173	15673
9121	19621
24977	39001
25473	38755
5781	16281
22798	38023
2534	13034
10455	20955
21327	35887
4110	14610
23263	36543
1507	12007
22686	37475
23664	38943
21186	35696
4124	14624
21817	38734
6278	16778
23444	38694
8965	19465
3184	13684
191	10691
23640	38735
7269	17769
3181	13681
22560	35551
22232	36348
3489	13989
4062	14562
24539	37085
5514	16014
3814	14314
4919	15419
6034	16534
6727	17227
5468	15968
24485	35573
2627	13127
24832	35605
24099	35641
6371	16871
24947	36510
3031	13531
23774	37055
22670	35130
10228	20728
5806	16306
22017	36430
7077	17577
6904	17404
3488	13988
21047	36813
24020	36590
5064	15564
8474	18974
4416	14916
9462	19962
25233	35219
1719	12219
3545	14045
3486	13986
22304	37741
21743	38161
1044	11544
5397	15897
352	10852
23870	39056
23332	38026
23879	39061
2926	13426
3317	13817
5669	16169
22169	36075
5783	16283
23838	37938
1133	11633
5134	15634
22830	36054
8088	18588
602	11102
24533	37965
7313	17813
25017	36815
5921	16421
5391	15891
294	10794
1690	12190
9209	19709
25273	37846
7324	17824
1464	11964
2653	13153
6368	16868
5171	15671
22211	37869
8758	19258
9225	19725
24576	36864
3222	13722
23229	38665
6797	17297
5259	15759
21664	39242
4473	14973
2572	13072
7941	18441
23268	37176
24789	38944
1449	11949
176	10676
4871	15371
5045	15545
7468	17968
9646	20146
23731	37431
23836	38566
4596	15096
5984	16484
25413	36027
5578	16078
6200	16700
7171	17671
10179	20679
3518	14018
2491	12991
23857	38990
22054	39584
7782	18282
8458	18958
21739	36856
5223	15723
25397	37387
21159	37720
22235	38528
24098	38154
5941	16441
9509	20009
7462	17962
4135	14635
4526	15026
3789	14289
4707	15207
672	11172
8455	18955
9571	20071
22067	35942
8501	19001
2227	12727
23549	36649
25275	36684
21080	35277
5576	16076
24449	36653
3504	14004
23547	37997
24418	37372
25486	37977
7180	17680
3567	14067
23896	35187
4996	15496
5421	15921
6565	17065
9883	20383
9837	20337
24454	35636
9865	20365
6907	17407
559	11059
23849	35778
2273	12773
2878	13378
24169	38703
8780	19280
24278	36794
6330	16830
8457	18957
9970	20470
5152	15652
21725	39503
25026	35684
21294	37713
23875	39305
9213	19713
4965	15465
264	10764
21391	35925
3706	14206
3299	13799
24165	39200
24615	39186
5237	15737
8686	19186
21577	35361
22444	35337
9674	20174
21257	39110
9432	19932
10209	20709
6323	16823
22193	39314
2782	13282
23326	38508
2737	13237
6080	16580
7165	17665
4898	15398
2104	12604
7482	17982
22312	35177
6457	16957
2922	13422
5119	15619
8218	18718
10290	20790
25329	38129
22749	38015
7651	18151
8929	19429
6853	17353
9876	20376
24815	35610
1113	11613
24343	38744
24060	37294
3375	13875
7975	18475
3719	14219
893	11393
978	11478
2766	13266
21218	39102
7825	18325
5314	15814
1451	11951
3838	14338
3855	14355
4154	14654
6802	17302
9163	19663
24122	35978
22494	39195
6680	17180
1849	12349
8172	18672
7751	18251
24290	37587
2629	13129
643	11143
4848	15348
635	11135
3917	14417
22540	37147
6563	17063
172	10672
22718	36844
728	11228
6147	16647
9297	19797
1143	11643
10152	20652
5711	16211
4151	14651
5402	15902
22387	38030
36	10536
2400	12900
4486	14986
3834	14334
23814	36324
9587	20087
9616	20116
1901	12401
6466	16966
9745	20245
24952	37654
6046	16546
9027	19527
24668	39079
21334	37063
21658	36381
9895	20395
22618	38400
21975	37964
24393	35345
2169	12669
25200	36248
5236	15736
8225	18725
4615	15115
6888	17388
1609	12109
5840	16340
4508	15008
3694	14194
7402	17902
24082	35420
10082	20582
4672	15172
2395	12895
24611	38122
24689	38979
2124	12624
4796	15296
4502	15002
9437	19937
846	11346
5993	16493
3415	13915
314	10814
22279	37532
2511	13011
6757	17257
9141	19641
24664	37962
3323	13823
10047	20547
25020	38494
6731	17231
23473	37153
1428	11928
23650	36275
9915	20415
5017	15517
25139	35941
4669	15169
5213	15713
3059	13559
3030	13530
4678	15178
23993	38005
7728	18228
9233	19733
820	11320
6077	16577
22561	35699
24898	36862
1192	11692
4187	14687
3611	14111
6414	16914
3639	14139
23851	36579
8308	18808
2544	13044
7033	17533
23995	39173
21054	36990
2326	12826
2401	12901
10105	20605
22944	37247
4869	15369
7589	18089
7574	18074
2276	12776
23337	38137
10231	20731
2066	12566
1065	11565
5602	16102
6571	17071
6011	16511
1937	12437
9275	19775
23056	35527
22322	38779
22498	38152
5621	16121
22354	37949
8966	19466
6726	17226
20	10520
25210	38956
8296	18796
8919	19419
23081	39545
2060	12560
3924	14424
5924	16424
7800	18300
9165	19665
9352	19852
508	11008
7170	17670
7531	18031
7188	17688
24916	36805
8271	18771
22680	36357
6551	17051
958	11458
22028	39146
3450	13950
6248	16748
3500	14000
10279	20779
1552	12052
10029	20529
21412	37192
4053	14553
21853	37210
5311	15811
23338	35207
2029	12529
5408	15908
8600	19100
9769	20269
169	10669
21132	39164
21775	35758
4167	14667
6594	17094
558	11058
6767	17267
9204	19704
9999	20499
1771	12271
3916	14416
23017	38797
7876	18376
29	10529
892	11392
23172	38854
3221	13721
21416	38078
5346	15846
3251	13751
8465	18965
9310	19810
7326	17826
5204	15704
24878	37729
9325	19825
2779	13279
6126	16626
469	10969
8071	18571
1918	12418
7916	18416
5106	15606
7066	17566
831	11331
879	11379
6211	16711
21837	35623
7287	17787
6234	16734
21762	37548
23165	37254
7578	18078
25232	36578
9160	19660
24852	35595
2495	12995
1079	11579
9885	20385
3797	14297
23522	39464
21699	35682
6119	16619
6343	16843
951	11451
24739	36834
21553	39422
23408	35817
9314	19814
3937	14437
842	11342
24688	36460
120	10620
4731	15231
24276	35960
23214	35906
1180	11680
22533	36943
4636	15136
1368	11868
8398	18898
521	11021
10475	20975
10178	20678
3619	14119
22492	39489
5394	15894
6458	16958
16	10516
9801	20301
468	10968
24210	37615
4759	15259
3076	13576
1929	12429
3724	14224
22012	37132
3004	13504
1454	11954
3054	13554
8191	18691
3715	14215
4099	14599
9440	19940
25172	35800
883	11383
4915	15415
21156	35607
24987	37148
21506	35249
3849	14349
7459	17959
7229	17729
4777	15277
5229	15729
22220	35211
23037	36659
1941	12441
10384	20884
23634	35984
21319	38996
23451	35268
23046	35643
7283	17783
7425	17925
9879	20379
21364	37945
3470	13970
2251	12751
361	10861
4021	14521
6163	16663
6268	16768
6290	16790
5315	15815
8011	18511
5120	15620
21535	36527
22884	35395
9292	19792
7659	18159
1478	11978
596	11096
3378	13878
71	10571
7017	17517
8752	19252
4298	14798
2589	13089
24628	36664
2565	13065
24173	37519
8464	18964
24821	37267
1067	11567
21977	39544
6255	16755
10433	20933
6029	16529
23440	39376
9433	19933
3827	14327
579	11079
24028	38673
290	10790
8586	19086
10043	20543
21025	36667
8490	18990
8846	19346
8542	19042
180	10680
9338	19838
21831	39063
3921	14421
5170	15670
6616	17116
2418	12918
7650	18150
25494	38570
9005	19505
7155	17655
4090	14590
9817	20317
6256	16756
1887	12387
4775	15275
3117	13617
24569	39398
21014	37364
9685	20185
911	11411
5252	15752
2492	12992
7836	18336
956	11456
1589	12089
25167	36299
5762	16262
1468	11968
7407	17907
1010	11510
22997	36681
4258	14758
22191	36641
384	10884
8187	18687
9191	19691
2168	12668
885	11385
5249	15749
9238	19738
21065	35162
1837	12337
5678	16178
24823	38439
1011	11511
8766	19266
7132	17632
6120	16620
1153	11653
1828	12328
3514	14014
230	10730
21531	36053
3681	14181
6903	17403
4592	15092
194	10694
9729	20229
95	10595
1396	11896
9340	19840
24935	36965
23223	38791
24558	38062
7929	18429
3257	13757
21522	35100
8675	19175
25144	35687
5023	15523
5760	16260
23723	36187
968	11468
8476	18976
8434	18934
24352	37643
5010	15510
24034	38701
9547	20047
3862	14362
8800	19300
1958	12458
5383	15883
7807	18307
5429	15929
23060	38845
24955	35721
22402	35486
8393	18893
22477	39306
10172	20672
8648	19148
4694	15194
1016	11516
9665	20165
23168	35312
5373	15873
193	10693
23678	38188
23298	37618
667	11167
3605	14105
8301	18801
23064	39318
10305	20805
22708	37933
6869	17369
214	10714
3487	13987
23627	35404
23615	36625
24719	37365
776	11276
10143	20643
1707	12207
24723	39111
2366	12866
6488	16988
9875	20375
6177	16677
192	10692
122	10622
22641	36224
928	11428
4150	14650
21892	35228
24321	36179
4019	14519
4136	14636
24993	38001
22529	37300
2441	12941
6284	16784
2279	12779
9203	19703
6653	17153
2255	12755
5212	15712
8255	18755
1815	12315
3032	13532
9632	20132
22333	37972
6162	16662
2601	13101
1698	12198
25419	38308
9241	19741
7758	18258
6629	17129
22	10522
2582	13082
23503	36710
22895	39536
23423	35895
3311	13811
4880	15380
9185	19685
21625	39158
6280	16780
1262	11762
614	11114
9899	20399
22553	37457
22314	38212
6744	17244
25298	39411
7030	17530
6833	17333
4355	14855
9942	20442
24735	38597
8627	19127
6823	17323
8763	19263
8522	19022
617	11117
1417	11917
7093	17593
2105	12605
3324	13824
1952	12452
22451	36331
10280	20780
8978	19478
1933	12433
2294	12794
551	11051
8898	19398
22158	38319
6277	16777
23966	38218
6741	17241
1957	12457
4816	15316
4462	14962
24527	35680
24368	37458
24347	38529
1754	12254
6453	16953
835	11335
7241	17741
6361	16861
2419	12919
25028	36000
2183	12683
3022	13522
1337	11837
3135	13635
2210	12710
8091	18591
7556	18056
1178	11678
24371	35611
7596	18096
7198	17698
3118	13618
2217	12717
4928	15428
4380	14880
23826	35897
23136	37131
288	10788
5608	16108
7903	18403
6372	16872
9797	20297
6359	16859
8880	19380
21176	37647
8263	18763
1156	11656
23266	38777
7485	17985
847	11347
701	11201
7789	18289
748	11248
1931	12431
1542	12042
926	11426
1951	12451
7551	18051
24250	37078
22253	36480
5343	15843
6442	16942
5098	15598
2712	13212
25120	38908
21987	39072
23424	36969
23597	38666
967	11467
877	11377
3367	13867
10265	20765
7460	17960
7360	17860
4435	14935
21960	35599
2002	12502
24948	37196
2740	13240
2954	13454
2598	13098
8200	18700
10223	20723
1489	11989
1176	11676
5569	16069
2352	12852
3513	14013
5036	15536
4907	15407
21946	38561
2715	13215
23797	39259
3281	13781
8123	18623
3360	13860
22659	37958
6351	16851
22921	38287
21850	37309
22507	36991
23889	36984
22247	37872
7952	18452
9476	19976
24896	36921
2174	12674
2891	13391
8983	19483
1917	12417
25495	36082
8651	19151
21283	35976
3691	14191
25151	39168
6844	17344
2095	12595
21901	35896
523	11023
21271	38674
8737	19237
22292	39323
24998	35354
7714	18214
5851	16351
515	11015
8719	19219
10479	20979
7938	18438
23467	36172
22672	39034
22173	37603
8284	18784
2281	12781
2707	13207
1077	11577
6015	16515
6849	17349
7437	17937
23968	35633
9254	19754
4911	15411
9154	19654
4311	14811
22986	37074
5988	16488
1116	11616
23415	38364
2200	12700
575	11075
6642	17142
24780	35515
6518	17018
9650	20150
8729	19229
435	10935
23267	36017
22839	36976
2300	12800
6866	17366
7469	17969
1512	12012
6301	16801
1598	12098
5078	15578
1767	12267
9913	20413
580	11080
9638	20138
1136	11636
8893	19393
6295	16795
4893	15393
3473	13973
24027	37159
23766	35940
7642	18142
3954	14454
22475	36662
8010	18510
24849	36174
21343	36434
5338	15838
840	11340
98	10598
2907	13407
7112	17612
9631	20131
8830	19330
3908	14408
7068	17568
3873	14373
22092	35422
9155	19655
2496	12996
3877	14377
6925	17425
7504	18004
22369	35606
126	10626
1852	12352
6949	17449
7227	17727
8357	18857
3516	14016
8328	18828
7520	18020
24634	37224
2266	12766
1003	11503
10424	20924
24785	37929
6917	17417
149	10649
22411	35787
818	11318
8423	18923
7067	17567
25235	36463
3812	14312
8286	18786
4052	14552
5117	15617
3793	14293
8354	18854
23387	36281
8181	18681
1502	12002
2473	12973
7129	17629
4797	15297
7707	18207
21861	35339
24828	37306
24093	38064
24365	35279
6481	16981
8811	19311
22010	38897
6736	17236
4677	15177
3372	13872
23088	38655
23102	36708
24805	35520
6028	16528
2529	13029
1845	12345
4071	14571
5272	15772
5181	15681
24563	37632
3727	14227
5779	16279
10438	20938
10245	20745
4426	14926
9089	19589
23652	38180
21706	37451
2732	13232
4890	15390
2909	13409
762	11262
25169	38200
2439	12939
24838	37389
24307	37530
22224	37589
4399	14899
21268	35457
5699	16199
10346	20846
9467	19967
21938	39564
6217	16717
9377	19877
10270	20770
7346	17846
5910	16410
24551	39500
9298	19798
3941	14441
25077	36060
1006	11506
2517	13017
4207	14707
3407	13907
24938	39374
1052	11552
9723	20223
162	10662
23957	39161
24246	38870
8233	18733
22229	37984
10045	20545
532	11032
1513	12013
10400	20900
23991	38875
2297	12797
7554	18054
10258	20758
10491	20991
5709	16209
8788	19288
4506	15006
1818	12318
23921	35399
4453	14953
24845	36183
24784	36646
7411	17911
9007	19507
23936	35974
1864	12364
4432	14932
10109	20609
23871	39486
5467	15967
7725	18225
10206	20706
23181	38466
21880	39386
2594	13094
787	11287
