21072	1963	5794
24960	1582	7556
9299	2202	1158
3124	1994	5780
10090	1582	9235
7714	1496	10088
9088	1729	22681
4822	2031	272
21703	1963	4071
23452	2040	23802
23826	1980	9921
1953	2193	3921
22497	1947	9192
978	2320	21707
22387	1787	4379
23048	1625	1489
7407	1636	7836
4636	1309	1158
7739	1739	24916
1785	1545	6011
8675	1410	24878
1635	2055	1830
3171	2255	7097
22526	1704	24838
1494	1430	21402
7777	1582	1742
8586	1826	585
6891	2154	9756
22827	2030	10090
7332	1704	9504
1016	2449	7751
22639	2113	2911
24836	1947	2422
22642	2364	6434
3481	1894	4075
5493	2428	6077
23568	2154	6622
21416	1420	2776
23685	2008	3323
23660	2014	22415
3506	1420	4965
10258	2423	6335
3898	2030	5533
2667	1963	22818
4213	2280	4213
324	2449	6234
8260	1947	1830
1756	1872	4043
8830	1704	8796
5867	1405	8600
22560	2449	4946
3127	1430	4572
8110	2364	8653
3704	1787	1918
1908	1420	6219
2243	1947	702
3311	1784	22210
2419	1937	1941
7949	1521	3350
3612	2344	23226
9007	1729	22254
24957	1740	8011
25333	1309	1158
25026	2221	285
22266	1521	6886
1690	1376	22603
25476	1518	25476
2691	1355	8879
6339	2185	1158
4677	2250	21717
9299	1483	532
22366	1894	7613
8940	2364	5951
24485	2030	4400
8350	2154	22229
3486	2314	24922
24737	2030	1609
8302	1936	24471
8417	2055	6445
7810	1545	8624
3136	1439	10292
2849	1740	9297
1011	2014	24087
3855	2154	2623
23437	2154	23680
22817	2364	23501
8328	2014	5176
9177	1729	670
9338	1704	24029
4289	1963	8270
804	2373	9683
7583	1397	21192
22642	1947	24975
9665	1521	24624
7949	1872	5794
4758	1704	22169
24540	1794	7642
25033	1447	7993
877	2193	3921
2073	2117	1158
24490	1545	23009
180	1963	22908
21072	1895	5794
3218	1582	7446
5011	2014	6602
24896	1718	22621
23467	1516	23041
6886	2185	25470
5478	1963	3935
9632	2030	10078
22540	1794	3855
21002	1842	1158
7640	2154	23437
25333	1947	1182
2763	1423	23688
9034	2447	23047
22240	2449	23214
9950	2449	7754
661	1740	666
21589	1774	2512
7134	1947	22444
24242	2113	10293
25435	2092	9970
3350	2210	21123
970	2197	5658
22820	2406	24760
10292	1794	902
1690	2341	22603
4668	1582	4712
9756	1456	24648
4907	1937	23060
1967	2449	1669
9242	1441	9458
21661	2447	22939
23832	1582	3643
1219	1947	2565
4207	2154	5346
1611	2447	24665
10234	2423	9797
5952	1355	2447
8282	1947	4512
24148	1460	8600
3886	2339	7003
8474	1947	98
5832	1582	22411
23685	2008	21830
2691	2014	532
7437	2364	21632
7129	1582	180
4871	1704	25215
10245	1947	9192
5738	2014	3154
4187	1516	3427
1739	2316	3395
6045	2154	3106
8162	1559	9229
9968	2000	8010
22444	2340	8411
2917	1692	2437
9702	1397	8855
5988	2040	6802
21080	2282	21449
24803	2373	23504
5563	1784	2658
4322	1907	9672
4075	1521	9715
2349	1516	9371
4741	2202	1158
7502	1582	24071
4437	1333	4615
9558	1937	23550
21416	2423	9916
1062	2364	23112
24689	1572	2766
1908	2341	3057
5984	1963	22670
2420	1729	10451
5176	1355	22960
23895	2140	1158
5027	2334	8796
24624	2185	22278
983	1516	21293
22507	1529	667
1178	1784	23597
21256	1937	4311
22218	1936	25321
983	1947	1550
24188	1704	22926
23998	1947	4433
23661	2092	7093
22671	2263	21861
25150	2379	2776
22798	2364	2789
24371	2447	1113
23706	1704	120
9712	1521	24953
1725	1947	172
22378	2135	6366
21442	1440	24971
22317	2364	21858
22316	1637	7093
8247	1516	24609
4059	2117	3350
3821	2185	1158
2179	2193	504
21150	1729	3545
25179	2154	23408
21892	2364	21632
6457	1937	855
4634	1947	9192
785	1947	8411
6561	2364	6561
2129	1722	9650
23896	2184	9700
23060	1397	1158
25169	2154	24244
25130	2373	24959
2614	1947	9192
21577	1476	22159
2203	1521	8241
2813	1787	22220
2174	2155	25368
1249	1704	22461
21308	2341	22756
1914	2423	9916
24634	1963	6466
1494	1309	21123
10241	2014	23833
23483	1947	6445
10245	1440	5410
3787	1521	4762
3685	1947	22444
1739	2341	3395
1703	1521	1113
3222	2030	1268
7295	2040	4616
9732	2377	325
1967	2117	22939
6341	1739	3908
21933	1947	6445
3827	1947	137
24969	1440	145
23213	1582	2948
10178	1947	8411
23176	2115	22839
25245	1545	8225
7776	1947	9192
3495	1460	7324
23802	1439	23452
10056	1947	9192
6234	1894	21707
5930	1936	25186
9518	1439	23030
23207	1739	5921
4872	1947	24975
3873	1974	1158
5951	1309	1158
5173	2449	1918
139	1947	9192
22218	1963	22218
7287	2113	21465
22129	2193	21766
5153	1521	1113
5309	1636	1845
8576	1443	21799
2259	1582	1869
791	1704	7247
6063	1309	1158
24709	1545	24103
21971	2155	2441
6971	1625	21288
6985	1704	7400
9937	2185	133
24360	1483	24533
1058	1439	22377
4039	1309	365
3518	1729	10481
6251	1439	869
6360	1652	10359
6501	2185	365
8554	1947	1830
7836	1635	24916
9935	1408	5941
262	1516	8287
9260	2154	4946
9885	1956	598
22240	1373	21192
8411	2340	7916
23220	1827	9999
5434	1704	1494
1153	2202	7946
9165	1521	4084
6375	2364	4465
396	1947	9192
5350	1704	9116
22411	2154	1556
9399	2364	7116
5009	2341	21707
3118	1872	23849
7630	1684	5738
1937	2447	6886
3251	2185	6886
5128	2040	9123
7492	2426	6713
8783	1963	7462
23568	1963	8270
2782	2341	1968
3598	2154	22235
7402	1521	24365
7068	2014	22612
24674	1819	21123
4919	1936	25316
1952	2449	5346
3962	2447	6971
23725	2447	1113
2691	2014	23015
1828	1320	22094
9851	1947	3639
22240	2030	23214
9177	1729	21960
22500	1365	22500
24272	1625	2210
8756	2447	1158
22872	2316	23133
5738	2117	4939
9641	2354	3590
1744	1582	9476
22240	1582	892
24798	1447	7850
5350	1947	9192
6481	1420	25040
8574	2449	892
3646	1774	21540
1669	2449	23942
8632	1521	1158
9854	2193	9771
582	1521	1158
523	2423	9916
4903	1423	23688
21577	1739	1455
9665	1684	24533
983	1704	21861
7946	1545	9151
3600	1397	22378
5275	1914	24805
10470	1963	9005
9177	1729	5505
9970	2046	10320
4048	2193	25359
6481	1521	24390
24485	2341	6993
5346	2154	1952
3359	2154	23269
23634	1336	21762
21632	2364	7437
7920	2014	9025
23326	2193	7902
24459	2364	2688
6631	2030	3175
1967	1963	22159
285	2010	881
23348	2255	21081
8966	2030	9391
3427	1963	4187
25227	2428	6077
6972	1355	22577
24272	2155	3317
23615	1439	21409
21987	1704	9504
9990	1963	21334
4638	1704	22926
8508	2022	5006
9910	1704	1816
4589	1754	25144
5907	1447	21409
24449	1963	10152
4075	2449	9377
23112	2364	3372
4685	2067	10231
6737	1936	10121
9653	2185	9191
25486	1521	1158
1454	2155	25301
5498	1947	4433
6382	1333	5036
24740	1937	45
24798	1951	23136
23355	1521	25108
3355	1997	9209
22319	1947	2422
8759	1722	9488
22577	1740	21244
1144	2449	244
6608	1521	1113
7902	2193	3921
25295	2341	9379
6583	1521	6886
21123	1354	2098
6622	2449	23568
3853	1894	21707
1739	2316	22680
8328	2156	7966
107	1963	9750
5135	1947	6753
560	2030	25490
4999	2447	6886
25009	1963	25009
9467	1740	8684
7468	1731	23424
1106	2263	1292
25172	1545	3082
3001	1320	21072
5272	1936	6844
22585	1963	3107
8398	2364	1943
23565	1872	24051
5964	1582	7228
5699	2155	5822
22142	1506	1936
928	1833	6596
8683	2414	3990
21830	2008	5840
7469	2428	6077
22158	1992	24132
1519	2364	8602
7892	2154	9476
2635	1947	6445
4323	1582	2251
23550	1947	8411
23870	1963	4071
5572	2341	6736
9059	1521	1158
4925	1831	1992
25498	2185	22939
3646	2043	22378
2765	1937	4397
1936	1963	22142
23607	1842	7722
1182	2055	1830
2779	1430	10253
7866	2449	9298
3704	1787	24454
8620	2043	22939
4271	1521	1158
1750	1947	2422
5738	1476	22159
9967	1521	1158
8367	2155	6902
23332	1521	1158
21453	1577	3102
3082	1447	1495
5170	1786	22744
3512	1947	702
4019	2341	1214
4944	1956	2440
4520	1963	5209
24311	1430	1373
2326	1936	23889
8574	2449	22997
5944	1937	855
4928	1894	21182
21892	1430	7036
9797	1913	24737
7920	1476	22159
22649	1636	24454
7129	1582	21853
22960	1483	5176
23815	2030	7129
5478	1872	3935
4483	1812	3256
1785	1447	21852
7728	2341	1469
1514	2030	5172
3281	1784	763
9440	1704	9440
1909	1521	23570
6277	1947	9192
25035	2008	6044
5674	1940	8893
23430	1937	23550
1828	1320	21182
1495	2155	3082
22219	1896	24898
2782	2030	1968
5489	2030	5242
6996	1431	4213
892	2447	3350
23976	1936	25316
2512	1521	21123
6608	1723	3946
23968	2449	7308
23373	2092	664
22962	2231	1455
983	1947	3639
7916	2340	2029
7115	2030	8574
9349	2449	3886
8608	1963	1597
9988	1957	1597
24485	1582	9812
2691	2014	23907
10014	1731	8816
9483	1625	23879
2629	2341	7425
7618	1947	8934
10241	1476	22159
22962	2231	9616
6147	2155	6424
7693	2447	365
8966	2449	9391
21661	1947	6445
22756	1376	6757
8942	1559	1828
9701	1947	9192
5405	1309	21327
8574	2449	7115
4552	1894	21707
7842	2263	24644
25295	1894	902
24456	1937	4397
1396	1956	598
7834	1521	23047
21806	2423	9700
4150	1704	7400
21557	2373	10461
22664	2449	24998
22593	2373	22361
21615	1625	22749
4712	1582	4668
5738	2117	3047
22733	2055	137
1990	2030	3118
5955	1947	9192
6642	1947	22444
996	1791	22378
6639	2364	9806
24388	1947	1550
732	1937	23550
1583	2373	21887
324	2030	6234
8224	1483	4110
23534	2154	8204
7357	1447	23511
10476	1997	8099
7500	2185	1158
24292	2370	23608
1583	2185	24390
5426	2341	5478
23820	1997	666
23815	1894	7129
614	1439	1067
10090	2030	4362
5964	2030	21024
22109	2364	2062
2413	2428	6077
23437	2449	4946
372	1521	1158
21350	1430	1601
7460	2447	24665
8694	1894	3218
24896	1718	24339
1062	1947	8359
21703	1947	6445
354	2397	2496
23017	1376	21043
10340	2155	2237
3873	2447	1158
1446	2266	23549
23074	1541	7583
21402	1947	9192
8751	1447	6391
6608	1907	2418
21024	2154	24485
3878	1521	24764
3787	1894	21182
22649	1636	24390
7115	1694	6082
6029	1773	1113
7725	1516	9259
8478	1309	3350
22910	1704	21861
10174	2040	24173
22224	2449	22036
21577	2014	10389
5840	1729	21830
349	1786	349
380	1937	23550
22411	2449	1556
1532	1729	1958
10471	1947	8411
6	2447	6219
21002	2193	558
700	1545	21506
9769	1362	3184
4085	1894	21853
22269	2193	25359
1739	1894	22094
22253	1947	1635
4633	1686	2601
6424	1439	6147
9327	1521	3350
6645	1397	1158
4945	1721	8736
4907	1440	4907
92	1947	9192
4610	2154	313
668	2373	4051
9121	1956	598
455	1521	6886
3738	2447	365
8359	2055	6445
2347	2160	4437
23526	1947	4433
553	1946	2183
22379	1963	23168
4633	2341	7934
7333	2113	25308
21910	1947	9192
24148	2219	8600
5309	1439	6673
445	1521	6886
2623	2030	3855
2272	2154	6944
7761	2449	6891
1778	2083	23873
2806	1937	3065
25273	1521	4574
1499	1516	118
23354	2447	3350
7739	1739	468
9005	2037	10470
23651	2030	24823
2356	1915	8604
6217	1521	4898
6761	1963	25266
23870	1963	6237
3355	2221	285
361	2213	21235
5758	2298	4775
22954	1947	6028
372	2202	5848
3321	1767	1098
1799	1439	21384
5313	1545	2335
9398	1739	25366
7407	2019	21975
22444	2340	1182
21815	1936	2643
3395	1420	717
24969	1440	9440
1065	1704	25215
10206	2030	6143
3059	2179	2285
1011	2117	7722
8326	1684	3647
4832	2423	22219
8360	1947	6445
2347	1637	2285
21390	1963	24306
5242	1963	23849
2336	1362	565
5738	2156	285
5444	1936	24029
6891	1963	22159
1822	2022	8814
295	2040	461
4648	1483	21608
9281	1733	5700
23660	1771	5166
1935	1447	1710
23422	1362	820
8263	2292	902
10431	2197	7986
8307	1947	9192
230	2000	3383
6341	1509	22186
21902	2447	22378
8326	2252	9005
4432	1740	8011
24449	1963	7134
7739	1739	10146
9921	1833	23826
10451	2008	2420
23408	2449	6082
4492	2030	390
24028	2093	8352
21933	1947	9192
5082	1397	21192
10470	2252	9005
23829	1704	1816
4946	1658	5578
21235	1345	361
1502	1360	7221
4462	1794	24622
6673	1636	1845
21688	2428	1056
7739	1739	9804
2638	1947	9192
22629	2117	3397
1830	1757	1635
21979	1686	24313
21573	2449	22978
4429	2195	21327
23966	2040	6211
1489	2113	23048
8388	2230	5569
7916	2055	8359
4396	1947	9192
3354	1704	25215
2598	1947	6445
7269	2185	1158
1742	2449	7777
3082	2113	25172
486	2000	10424
22517	1559	4052
1669	2449	5573
8071	1786	21420
23947	1521	66
22037	2336	7258
10105	1894	21182
2569	2185	3350
23437	2154	5678
25454	1894	21498
3838	1625	3788
22600	2377	325
9852	1483	532
23297	2187	6976
4021	2449	2251
10293	1447	22919
2279	2255	23348
4326	1963	3404
25434	1785	24998
6736	1963	2596
24919	1483	5096
1833	1559	1066
9899	1521	1158
24269	1754	23036
8544	1309	365
22507	1754	23036
22193	1420	365
25017	2030	3878
22679	1491	22939
8893	1715	4003
1289	1516	22910
1344	1774	24071
2511	2364	1725
5426	2030	24492
8942	1894	1739
2317	2030	22411
9119	2014	2851
6634	2252	21577
21182	1420	22036
8921	1722	7243
21846	2423	9797
6642	1947	8411
8977	1872	1321
3516	2030	3018
23661	1314	7093
23030	1625	24245
3520	1521	367
5717	1947	8411
3913	1963	8371
2936	2115	4246
24823	1778	1921
1086	1936	5394
8614	1376	7906
2862	1947	7233
2419	1937	4397
1852	2447	21327
5582	1740	24122
7984	1785	5186
10172	1521	21123
4467	1936	8711
2398	2373	4976
8763	1936	25316
2666	2373	9213
23408	2447	21192
7159	1947	8411
21143	2266	365
4819	1833	6596
71	1660	9267
7112	1456	23573
6432	2373	8732
25037	1463	3793
9089	1456	532
10280	2449	8200
23554	1739	5166
24449	1947	9192
6067	1642	9797
8263	2030	25239
25481	1309	1158
926	2185	9714
21384	2113	6726
9116	1947	9192
8576	1408	5170
664	1464	9783
7839	1704	6920
1154	2117	6886
361	1460	8600
300	1963	300
2897	2210	3022
7313	2449	3598
6902	2113	21389
2227	1947	9192
7574	1739	23503
24528	1947	2033
10056	1947	2565
22037	1947	9192
8541	1521	22939
5572	1508	6736
8063	2202	1158
2909	1740	8011
4939	1465	2917
2335	2113	5313
2685	1894	21667
25486	2202	1158
3946	1521	1113
22962	1740	6602
22572	1964	25412
6211	1447	160
2849	1740	7513
6976	2219	8600
5299	2423	25287
133	2141	133
21799	2092	9783
978	2030	21707
23069	2449	9446
21266	2263	326
22500	1721	22500
508	2179	2285
4571	1521	8186
7005	1516	2153
24650	1947	9192
5152	2067	10231
22340	2030	8458
7739	1739	9585
23518	1963	5794
883	1787	1158
8074	1397	21192
24823	1398	23651
4195	1947	2422
4477	1784	23271
398	2373	5310
9119	2014	666
6972	2000	9988
5510	1704	24029
3178	2093	200
4029	1464	5036
8729	1521	10146
23424	1798	7468
9297	1355	4053
24071	1582	23636
6638	2030	7971
4053	1740	7513
22621	1465	9931
7068	2014	4136
4519	2359	24849
23214	2341	8574
22997	2341	892
8642	2449	9405
2139	1549	549
527	1373	1113
25295	2449	23823
2813	1787	7946
3473	1721	1787
6631	2449	3175
25057	1792	9204
23659	1947	8411
24244	1963	21699
5397	2373	6903
10244	1953	4556
22764	1894	7118
22355	1963	22641
2172	1740	765
45	2073	3692
361	2005	21235
2251	2030	9587
4773	2174	4158
4375	1947	9192
9764	2100	21940
22526	1947	8934
9509	2019	21975
6	2449	25239
22354	1572	23172
23015	2449	6944
3567	1694	10206
23073	1947	8411
7754	2449	272
8046	1962	9500
9005	1462	8326
23969	1355	7834
23178	2043	22378
5738	1963	22159
3106	1963	8270
4967	1947	8934
23298	2008	9007
3785	2185	22378
21861	1947	3639
23923	1590	7450
24836	2364	4229
5493	1947	9192
10321	2215	10321
9822	1309	3350
21143	2266	6219
22798	1947	6445
21577	2014	22415
8867	1521	1158
23607	1842	579
5738	2117	22939
23627	1947	9192
6283	1704	7400
3706	2341	25066
2936	2115	22839
21855	1894	1739
23794	2202	796
899	1396	1158
24666	1521	6735
23464	1521	1158
1990	1872	4453
7571	2113	1785
25321	2428	6077
25080	2154	9212
8185	2364	6920
24148	1915	4588
7437	2364	21892
22504	1907	2418
8775	1868	1098
24898	2423	22219
21444	1947	9679
5504	2117	22621
3781	1937	23366
7640	2031	4946
4512	2055	6445
9476	2449	7892
3235	1704	1816
10470	1740	5703
1752	1545	25245
21717	2189	2512
21102	2447	23320
1133	1740	22708
1961	2185	22939
7332	1936	25186
3814	1907	6029
8574	2154	7115
23405	1483	24533
24449	1936	24370
5841	2406	23659
23615	2155	4254
7129	2154	21853
4927	1947	3540
24598	1774	22507
21658	1345	7411
9947	2185	1158
21935	2367	7911
6637	2081	8786
24664	1397	8855
22572	1937	23550
24244	1456	9119
7725	1947	8934
6041	1559	1828
21965	1407	22718
21198	1516	8765
21028	1545	7287
22473	1516	6090
23997	2364	24066
602	1947	172
23325	1636	5526
7946	2155	2813
6341	1509	23553
3772	2067	10231
23077	2449	24750
2569	2185	21202
3691	1602	22950
2635	1936	2141
5738	1739	2981
7674	1438	3329
9285	2040	4568
5467	1509	4213
7314	1440	4567
2638	1440	2789
21894	1947	8934
3001	1320	4668
9030	2447	21192
21350	1430	2773
300	1947	8411
22461	1947	1550
23325	2193	9771
4969	2364	5913
3998	1652	899
1360	1545	2561
8941	2094	25186
25080	1686	1501
9017	2008	21960
532	1355	9299
22924	1397	3047
9377	1582	3640
24169	2185	1158
7714	2449	23267
6396	1447	8855
21966	1947	1550
7243	2093	2711
21894	1947	4433
6930	1947	8411
9599	1433	3350
10489	2014	9650
21791	1947	1550
24093	1740	5703
21123	2185	22378
24290	1947	8359
1676	2323	21327
4391	1521	4841
1011	2014	21608
5000	1963	1879
5908	2364	418
6366	2122	5794
8788	2193	7902
4915	1314	23661
9278	1439	22361
10424	2186	2331
3018	2154	3516
3092	2193	3740
22573	2193	10379
22473	1947	9192
24834	1947	8411
5700	1397	21192
5550	2117	21123
4592	1947	9192
24798	2185	22939
7112	2154	21365
25435	2402	10320
5612	1894	3282
2168	1740	9488
21703	1963	22510
25179	2449	5470
10425	1521	3350
23511	1447	315
10265	1314	4091
7949	1963	5794
1830	2340	8359
84	2030	22718
23896	1754	23036
785	2263	21522
10003	1947	3639
1744	1582	7892
24449	1963	8360
23354	1521	3350
22226	1784	24808
2492	1963	10294
787	2341	5804
8737	2447	22158
22068	1794	24622
1982	1951	4623
4986	2154	3175
23636	1582	4179
22955	1947	9192
6248	1740	5746
21268	2364	2287
5176	2000	9906
4053	1740	3154
6915	2449	3102
2201	2117	365
7879	2428	6077
23779	2221	285
6620	1397	22378
6808	2185	9714
21830	2008	22320
8978	1740	5557
23568	2341	23421
23636	2341	4179
8185	2364	4702
21043	1606	3526
21985	2449	25096
10213	2185	5768
3720	2154	23054
8604	1956	2440
6165	1521	1158
5119	1947	8411
22475	1854	1651
22635	2089	4946
643	2185	24953
4694	1936	24370
22593	2210	2057
4303	2449	6891
23069	2449	893
23136	1754	23036
5677	2113	7287
8677	1947	22444
7922	2364	23180
5578	1436	2339
23823	1946	24486
5533	2341	3898
5674	2270	8893
7502	1872	5794
8010	1347	25207
3059	2068	6620
7447	1433	9120
1832	2030	21853
23350	1789	22305
2779	1937	4927
25397	2364	8602
703	1311	22094
7129	1521	7758
4893	1894	2744
24456	1440	24456
5183	2193	25235
6044	2043	8855
879	1784	3303
5397	1447	7046
1772	2185	4921
3596	1604	24947
8360	2263	21522
3473	2193	25359
3868	1573	24970
22621	1421	9931
754	2117	21123
23943	2432	2299
1090	1947	6445
530	1947	8411
25294	2185	9714
9517	2008	10433
902	1878	9459
24634	2449	22094
4174	1963	25051
5288	1509	6281
4552	2341	9424
21138	1442	8600
10451	1729	3410
1504	1740	24533
8350	2154	3102
6331	2043	22378
9273	1440	23162
5478	2030	5426
2779	1937	9462
6218	2282	4251
5170	1376	2512
6704	1936	6844
7924	1894	2252
390	2154	4492
24935	1397	796
2062	2364	22109
4053	1740	9650
7241	1674	22621
2326	1506	6737
21268	2364	24456
9220	2423	9797
5867	1528	8600
24110	1638	21638
695	1740	22415
21750	1309	1158
2517	1604	9242
6310	2428	1056
2667	2030	7067
4014	1545	3778
8694	2030	3218
24398	1447	845
23325	1836	2544
24492	1895	3935
25234	1637	5700
5674	2098	8893
5519	1946	1908
23102	2447	4084
5550	1947	3639
565	1362	6947
21453	2169	2793
3282	1582	6885
2200	1420	21867
22677	1891	22677
4598	1963	21103
717	2373	24922
10146	2019	24069
4638	1937	23550
8586	1947	9192
4221	1729	10451
3180	2397	3702
24688	1406	23826
2512	1606	5170
24740	1947	137
3801	2197	6886
3719	1729	23298
4872	1309	6886
2692	1521	24922
8200	1963	22159
25233	1397	21192
6944	2154	8011
1052	1376	7452
7676	2423	9797
22827	2341	10090
25239	2154	6
10176	2154	4263
9236	1418	3720
5988	2373	2677
749	2423	9797
4863	2014	23833
9563	1521	5152
24944	1692	10223
22495	1963	21699
7380	2426	3331
2815	1328	3092
22332	1521	24922
23716	1841	21123
23973	2117	6886
262	1947	1635
4021	2447	8581
7030	1521	1113
8816	1798	10014
1715	1443	22135
9514	1521	4379
22278	2210	24624
7157	1516	22941
23689	1963	23689
4303	1456	9398
7810	2040	9909
10074	1786	7452
23963	2364	21268
149	1642	25287
23945	1894	4633
2172	1740	25026
4623	2184	1129
21498	1786	9424
21257	1936	24029
4926	2069	2610
22827	2154	23518
10153	2423	25287
3498	1947	6445
10469	1439	4640
1762	1947	2422
9712	2202	24953
2862	1947	3639
3793	1872	25037
2907	1590	5036
4944	1789	9267
24849	1856	4519
4638	1947	8359
7068	2018	3360
4019	2030	24506
21855	1894	3395
1967	2449	8200
9421	2202	24916
9399	1947	4433
1877	1479	1113
667	2423	22507
1620	1582	8694
8532	1947	98
23324	2364	8278
9398	1771	4303
23112	1430	3372
21095	2359	22457
24953	1636	7836
23716	1841	6886
1344	1521	22378
2366	1521	1158
21319	1309	1158
2255	1947	1550
21886	2125	10265
8285	1516	3076
9235	2189	2512
5241	2040	21570
4135	2113	7807
23998	1947	2422
4616	1439	7295
8581	1869	4323
1158	1869	9921
24686	1506	8830
2366	1740	24122
21850	2233	21850
2147	1521	1113
23154	1947	9192
3360	2197	3583
8574	1398	25179
5188	2364	6278
6195	1963	6473
5884	1521	9999
9392	1722	4662
7615	2030	24595
3221	2406	25321
25300	1722	5096
1647	2252	2691
4863	1476	22159
24821	1309	3350
22764	1894	10305
9994	2154	24988
9235	1582	22827
23794	1521	796
21921	2364	6725
5171	2398	8855
2259	1521	9804
983	2263	21861
7139	1545	1989
6563	1447	6866
25329	1408	8280
5503	1994	22661
6727	2447	24916
4433	2055	8934
2190	1402	6136
7077	2030	6917
8884	1439	68
6277	1936	7258
7516	1397	22939
22282	1937	22074
7851	2449	2696
1067	1447	2964
1249	1947	1550
5332	1937	23550
9947	2185	5941
9466	1947	4433
23217	1582	21853
3564	1963	791
9391	2341	4019
252	2197	21123
7302	2252	9119
4773	2247	10478
3336	1947	9679
9005	1363	6967
21852	1545	7571
24358	2341	2203
3789	1509	6281
5576	1936	2643
22428	1309	1158
24219	1521	3350
22440	2113	24815
6312	1521	1113
23052	1336	2285
3600	2117	3350
6620	1749	22135
7938	1729	21986
7953	1521	4130
21340	1604	10302
9734	2449	3913
9466	1704	24838
2569	1767	1098
1191	2423	25287
23501	2364	22002
1869	2189	9921
23728	1362	23422
21459	1686	8208
9921	1376	7452
5703	2000	7959
4892	1521	6935
23779	1856	4438
5532	1559	1828
4898	1774	22975
10029	1545	10284
6360	1826	9519
2786	2000	3383
519	2373	22369
1062	1947	6028
4142	1937	23550
10425	2044	8208
7574	1771	8087
24210	1947	3639
1062	2364	4872
25139	1521	4084
56	1939	3586
5206	2117	1158
3574	1936	841
7237	1947	9192
8920	1867	6814
1799	1447	24312
21975	1531	7836
10426	2377	22839
495	1521	6971
6450	2447	1610
22564	2423	25287
4653	1947	4433
4752	1661	1749
9262	2423	6139
5358	1704	9504
30	1963	24852
9631	1309	23098
22927	1947	9192
2852	1963	798
610	2000	835
8371	1774	10153
840	1397	1158
24471	2364	24471
22827	1963	5794
7450	1464	23074
4071	1947	6445
1439	2341	2173
24243	1937	8554
4090	2423	25287
24785	1506	6268
98	2055	1830
7554	2185	1158
3195	1309	1158
9241	1947	22444
23978	2263	6920
6993	2030	2922
2203	1946	9326
25368	2040	2788
2285	1397	8855
23118	1947	9192
8759	1740	10198
25126	1309	1158
6607	2341	6993
859	1521	1113
21632	1430	7036
22208	2100	21940
4863	2014	8271
8185	1947	8411
3645	2221	285
2517	1604	8938
5922	2449	21261
22374	2146	22378
8602	2364	21966
3977	1397	9764
672	1825	22884
22511	2014	22415
22997	2154	892
804	2113	648
21192	2210	21123
8328	2014	6972
635	2113	8638
3466	1625	8829
6460	1592	21940
8819	2202	1158
1454	1447	35
3044	1947	9192
3175	1376	6631
9860	2373	2788
917	1460	7324
6671	1740	21364
23267	2030	1517
5164	1936	23627
23636	2154	24071
3636	1787	7179
22479	2364	968
6045	1521	6886
24486	1521	21506
2224	1485	6608
1393	2373	25348
23217	1894	21853
2042	1786	3200
22827	1582	10090
1268	2423	161
5272	1963	1180
4531	1582	10090
22333	2341	8787
4362	1582	22827
1446	2266	24390
21573	2449	23680
9533	1953	4556
23780	1521	1158
1469	2449	7728
6642	1936	21522
1669	2154	1967
2691	1963	7966
2691	2014	21115
8872	2341	21846
469	1827	8475
4289	2449	25295
1011	1303	23207
25055	2100	515
22504	1661	3946
3891	1456	9968
8266	2364	3315
23617	1810	881
2542	1397	22378
21389	1625	6902
10210	1704	9504
1136	1963	8247
23328	1521	22220
6119	2247	22128
2512	2341	22975
25137	2154	717
24447	2210	9937
23064	1308	21207
21555	1521	1158
6727	2447	1158
7031	1447	10224
24723	1947	98
10265	1590	1152
6	1521	2776
24506	2423	9916
5790	1774	1469
8614	1325	22168
25227	1947	4512
21901	1355	695
5117	2406	7261
22186	2000	9988
7486	2174	4158
8642	2447	22378
1842	1545	22068
6487	1740	21901
1779	1408	4492
22692	2009	22145
21846	1521	5646
23314	1582	21072
10096	2341	138
9712	2202	1158
6438	1774	24823
9826	1739	5166
5532	1521	4084
22415	1355	695
3383	1997	4662
4871	1947	8359
9743	1894	4075
2813	1787	7667
8342	1947	8417
1343	1545	24098
5686	2221	7966
147	1443	975
22356	1833	24935
6064	1868	4469
5738	2014	22415
2536	2252	2691
7650	1947	98
8011	2449	6944
3785	2185	3350
9821	1947	8359
217	1521	1158
8898	2341	6143
9826	2014	4240
23408	2449	25179
4059	2014	23833
7123	1947	3639
6887	2341	10498
22266	1420	9278
3427	1963	24073
5011	2014	5853
5867	2425	8600
10198	2000	9906
23221	1947	6445
22511	2014	2446
754	1947	3639
1491	1833	24935
9509	1636	7836
10253	1947	3797
4258	2449	24666
23905	1963	23108
23894	2364	22040
23820	1997	7243
5119	2364	120
1368	1397	8581
25037	2184	1931
8046	1590	2285
23504	1545	24803
23554	1739	4379
1344	2341	3147
2095	1441	9458
2273	2373	2589
6802	1545	3514
4457	1521	9715
8301	1947	22444
1951	1577	5208
908	1590	2285
6656	1404	4911
1651	1521	1158
4633	1878	9916
23750	2185	6886
24763	1963	4376
23895	1894	2990
5006	2022	8508
10470	1483	5703
5426	1582	24492
24896	2022	6800
22573	2193	25235
23047	1360	6396
2015	1704	22169
6736	1872	2596
469	1827	1158
1879	1704	22926
8862	2113	4284
2336	1362	6947
9184	1739	6971
9883	1739	24244
24358	1894	1756
1502	1438	6713
7115	2341	8574
2168	1521	1158
5011	2014	8179
672	1314	4848
21717	1582	9235
8968	1521	1158
5124	1947	22444
4053	1740	9297
10199	2364	602
9906	2221	7966
24491	1936	24118
7610	2314	2776
9826	2014	21536
7134	1947	1830
7129	2154	23815
3018	1420	6219
10241	2117	4379
4426	2447	1113
5738	2014	25207
24841	2447	22561
1620	1894	3218
25266	1516	6761
23154	1947	1830
2851	2000	23820
1470	1397	1113
2691	2014	2272
5394	1440	5394
796	1774	24301
2623	2030	22136
5011	2014	9025
9885	2219	8600
22670	1704	1816
25333	1947	8359
22523	2210	21404
5124	1947	6445
22902	1947	4433
10258	2189	5847
1597	1636	22621
8301	1947	6445
6975	1582	22997
1745	1625	133
706	1740	10198
23015	2000	9785
5188	2364	5440
8624	1439	24398
5582	1521	22101
6045	1963	8270
7687	1740	2294
2413	2202	22593
23946	1521	5768
23123	2423	25287
9398	2014	3679
24118	2364	21791
24312	1545	8884
23823	2154	25295
288	2008	1958
5064	1963	8270
10384	1947	8359
2212	2053	4118
6737	1963	2326
2398	1447	10055
9398	2014	2924
9121	1442	8600
21000	1590	147
7734	1643	5506
24709	2155	10469
1754	1858	2941
23127	1936	5097
3898	2449	5533
3598	2449	8558
8719	2409	21054
7622	1636	7836
24485	2154	4400
6284	2364	10357
7349	1604	6281
22083	2449	25329
5922	2154	5208
2029	2340	2029
2173	2363	24555
1466	1606	6174
7046	2155	5397
23702	1716	9715
7281	2449	1492
24648	2000	10424
23511	1545	7031
23178	1729	7229
3135	1521	24922
6246	1625	1360
23338	1947	9192
3381	2202	1158
2565	2055	8359
8921	1740	7243
4907	1947	6445
1344	2030	7502
1504	2202	1158
24634	1559	1828
5573	2154	1669
6858	2379	24922
5098	2068	6896
958	1376	9405
7414	1947	9192
5018	1963	8270
4492	2449	390
9005	1355	10470
24960	2030	7556
1527	2255	515
22575	2185	5411
9331	2447	24343
4439	1439	9832
23328	1509	24947
24370	1947	6445
24148	1442	8600
24760	1309	1158
8058	2030	3054
23239	1397	8855
4388	1964	25412
5738	2014	23056
10090	1582	23518
4687	2364	24838
21902	1521	22378
5204	1947	1550
22871	2373	4955
5413	1963	9910
515	2255	9949
24485	2030	21024
9174	1937	4311
9822	1947	3639
25329	2154	22083
23518	2449	22827
10489	2014	7513
21350	2364	10047
5493	1947	6028
669	1521	21123
22680	2341	3395
22317	1309	365
5117	1516	3544
1725	1937	24045
10489	2014	9025
4426	2447	7242
3586	2164	5503
203	1729	3777
25235	1636	3056
2129	2252	4059
2908	1963	5897
9424	2341	4515
23229	1547	24752
7920	2014	7775
23088	1704	8795
7894	1384	3001
8952	1625	4731
24865	1704	8132
3702	2193	3180
10292	1545	5313
2456	1516	3513
4426	2449	23102
3937	2043	22939
9476	2341	1744
4023	1937	4311
21391	1953	4556
5884	1935	21498
7411	1956	598
1572	1956	598
6082	2341	23408
1469	2030	7728
8675	2266	9999
68	2113	24312
8367	1794	2042
160	2373	23966
22068	2373	1842
5272	1963	24400
2623	2341	22136
23263	2423	1129
24071	1508	1344
3777	2008	8737
23966	2155	22615
8224	1740	23553
23382	2179	2285
3866	2093	4303
22247	1704	9504
4920	2301	23226
3147	1582	24071
6385	1947	4433
4822	2154	272
24071	2449	23636
21018	2341	9489
24077	1787	8855
22621	1831	5504
4476	1333	1152
24919	2252	21577
2617	1774	21535
315	2113	23511
9298	2154	7866
5157	1314	975
4638	1516	10471
6051	1506	2049
25189	2113	1721
22419	1521	9324
4068	2364	1478
8175	1545	10140
100	1936	25316
24512	2319	22378
3924	2156	7966
2169	2000	835
4800	1894	24622
5700	2250	2165
6837	1787	8855
451	1947	6445
22679	2380	3473
1739	2030	2744
21787	2373	519
23373	1397	21192
6868	2423	25287
9672	1521	1113
3590	1729	10451
5134	1947	9192
25028	1545	9133
1517	2154	23267
21917	1947	3639
21580	1937	23550
2207	1636	2105
23062	1545	10029
7920	2014	23833
9939	1784	24569
3504	1372	4408
1701	2185	9714
4526	1539	4526
25139	1582	23815
2033	2298	22378
4207	2154	25329
7599	1740	21244
25035	1521	21327
2572	1934	22952
22702	1947	8359
703	1894	22094
6166	2040	23446
22629	2014	3720
4531	2189	5170
21540	2447	3350
24082	2423	9797
6947	1362	10363
4449	1521	21867
1599	1704	1816
6341	1739	8475
9352	2113	22749
7777	2189	21172
21039	2360	4246
24028	2000	9906
22279	2364	21892
3381	1521	9995
22279	2364	7437
23355	2449	23464
4633	2030	8315
6891	2154	4303
9483	2185	717
2317	2030	19
24957	1740	2272
22966	2154	5064
9663	1794	6849
3761	1396	21123
23529	1521	1158
1011	2014	3888
4179	2341	23636
2178	2185	21563
684	1931	7667
3081	2364	8602
22950	2213	3691
3785	1767	1098
6925	2364	7258
8502	2426	9571
7763	1430	25321
9599	1808	365
8489	1894	21498
1672	2160	4437
6487	1684	21364
2413	1521	22593
22844	2000	9988
1191	2423	6108
2859	2171	4003
22029	1545	6810
8532	1963	21880
2539	1947	9679
2447	1483	5952
4437	1733	975
5498	1430	5498
9883	2000	23820
21177	1836	25488
3047	1306	8670
9476	1582	7892
21028	2155	21465
3930	1963	462
5673	1947	9192
24319	1521	1113
24110	2030	7460
23659	1947	22444
22744	1376	2512
21005	1842	24390
9261	1638	7615
10374	1464	4677
24855	2030	8853
9129	2189	9921
6882	1825	22884
8604	1915	7065
1210	1962	21799
6705	1521	1158
4118	2326	2212
23725	2043	21940
845	2113	24398
6993	1894	7077
24724	1521	4775
23073	1521	3350
24960	2341	10096
24098	2373	1343
3367	2178	22076
21608	1355	4648
9326	1946	2203
24071	1774	3646
4816	1826	4663
23503	1869	6217
23028	2449	7170
6799	1397	1158
7602	2364	306
8819	1740	666
23529	2447	1158
9740	1794	6
22817	2364	21350
2946	1447	4997
2301	1421	6693
5738	2014	21742
2818	2154	4380
23793	1582	8652
6639	2364	8478
10090	1963	5794
9241	2263	21522
10096	2030	24960
24151	2030	6962
6622	2423	9916
7110	1963	10261
3853	1508	8489
9483	2185	9589
8388	2154	23275
24365	1869	4416
9081	1584	9424
5831	1947	3540
23214	2341	22240
10469	1447	24709
22670	1947	9192
8155	2364	294
3878	2154	25017
7363	2154	7030
8675	2266	717
7754	2154	9950
5042	1603	3331
767	1559	1828
664	1314	25233
8560	2146	21327
4863	2117	4439
3640	1521	21755
9719	2055	2565
1749	1661	1470
3081	1309	1158
24140	2185	4751
5478	2341	5426
7661	1947	8411
4871	1947	8411
25295	2154	4289
8765	1937	23550
23968	2354	7308
4080	2425	8600
1556	1963	1556
9462	2117	5851
9315	1521	6886
7159	1937	23550
585	1652	8586
6993	2030	6607
23829	2282	7258
6946	1521	21123
1189	1947	9192
24243	2364	22253
9909	1439	7810
7604	1947	2422
2737	1947	9679
22408	1786	3619
5036	1336	8074
5227	2185	8775
23392	2341	22333
2643	1947	1550
1601	2364	21350
2447	1740	5952
8650	1896	7941
24269	2341	22219
9290	2329	25316
6371	1521	23549
5608	1794	3855
10152	1947	8411
23017	1786	3526
8394	2373	23615
23268	1947	2422
5098	2179	2285
22526	1963	9466
8278	2364	23324
4598	2282	418
9826	1355	9225
5840	1521	9715
2109	2030	6411
5	1937	1941
24760	1947	8359
5467	1451	4213
4863	2014	8168
4707	1947	9192
9424	2030	3324
8922	2366	702
5358	1516	30
8431	2449	5470
9817	2043	21940
23069	2154	5724
2418	1503	3946
7920	2014	23164
1106	1704	1816
5519	1521	6219
1343	1625	21923
8544	2364	9080
10241	1303	23554
5802	1521	3350
8656	1686	9029
9476	2030	7892
22774	1794	4328
974	1309	1158
558	1636	1158
6631	2447	3583
5018	1963	2596
21045	1947	8359
5352	1590	2285
845	1794	1987
3081	1440	21023
9967	2202	9804
22840	2449	7112
1795	2364	2704
902	1399	7425
6828	2185	365
23660	2014	10154
5802	2043	3350
7920	2014	6602
5426	1963	3935
6121	2154	6727
1692	1521	1158
23009	2373	24490
23680	2449	23437
6947	1362	24046
3886	2449	7003
3147	2030	24071
22545	2210	10381
1462	2097	1462
68	2373	4234
9514	2447	8775
21879	2113	21392
9248	2067	10231
8187	1936	3498
32	2000	6378
4663	1947	8411
901	2185	1158
22221	2185	2927
24306	1704	24029
4439	1360	23320
2627	1963	24463
24945	1397	22621
9806	1947	8359
3816	1947	3639
1058	2155	25245
22461	1430	22461
10260	2014	23266
2105	1868	1098
9424	1894	21707
24441	1721	24441
976	1947	1550
1908	2154	3057
10280	2154	24429
24916	2185	1158
9081	1584	21498
22002	1937	1941
3694	2193	504
23879	2113	9483
8275	2263	21861
1062	2364	24778
9817	2447	4084
7650	1947	8411
23610	1376	24301
1621	2423	9916
2629	2320	8641
5463	1947	4512
4254	2155	6953
10475	2185	2901
160	2113	22615
21078	1826	8881
6917	1793	7077
9875	2364	24745
10229	2000	9906
2536	1740	23015
10056	2364	5760
4702	1947	1182
24838	1309	1158
2084	2185	1158
663	2373	22636
23634	1637	4677
8752	2030	10090
8185	1947	8359
10096	2423	9797
1609	2341	24737
5738	1739	9756
25239	2154	8263
7894	1384	2282
3691	1918	8600
30	1704	9504
24998	2103	25434
21577	2014	23164
2572	2423	24269
5279	1440	439
9007	1729	23298
8558	2154	21700
24561	1947	8934
25294	2185	1158
8571	2359	22457
24622	2108	7934
5738	2014	3849
23610	1521	1921
4668	1582	5612
2314	1506	24784
7761	2449	1967
10127	1430	7123
22317	1947	8359
10215	2000	10424
23511	2155	7357
22939	2100	6396
22671	1947	3639
6891	2154	7761
7227	2447	2776
3124	2369	23471
8584	2252	9119
3834	1937	5221
7712	1947	1550
3797	2340	9526
350	1947	9192
8394	2155	4254
2623	2154	3855
9007	2008	3104
23946	2447	3350
22671	1704	21861
664	2160	21799
23373	1733	3543
8197	1704	9273
8833	2093	8747
23875	1957	6279
1344	1582	24071
22104	2447	23549
22509	2202	1158
1967	2449	21123
21003	2447	6886
1462	1814	8614
5381	1774	2512
5955	2428	6077
4477	1784	4483
1968	1582	5478
21150	2008	9024
9249	1408	23172
23660	2156	285
2008	1521	21434
7582	1784	23766
2512	2447	5309
709	1314	22135
22694	2221	285
22071	1787	3908
1478	1430	4068
3102	2154	6915
1849	1937	5221
22094	2316	1739
975	1336	23074
1669	2154	7112
24312	1447	4234
6015	1937	4311
8921	1521	2711
4426	2030	23102
7497	1936	5097
21023	1309	1158
1189	1947	8359
5429	2406	3781
10284	1439	10029
21679	2117	6735
6290	2449	5284
24022	1545	9941
24561	1947	4433
3395	1786	7693
6887	1521	22621
3905	1937	23366
5921	2117	8581
1722	1947	4433
7411	1460	8600
3271	1582	180
4781	2189	21706
4863	2156	285
7640	2449	9260
22374	2146	10095
25166	2193	3740
1478	1947	22444
23217	1521	4084
9392	1740	3888
6858	2379	6219
325	2341	22839
24588	1625	21529
8756	1521	1158
1937	1559	4456
24069	1636	7836
847	1516	21676
6132	1430	1909
996	1791	3350
1123	2210	2981
5113	1974	4574
23501	2364	21350
840	1749	2285
1737	1704	8132
24389	1895	22937
6174	2341	1466
1914	1420	24922
24022	1625	2054
3201	1636	7966
9440	2364	24969
4221	1729	8730
9879	1872	5794
4258	2189	24666
8554	2073	1417
748	1686	24065
4986	1521	23320
21794	1506	3198
8675	2266	2776
6976	1442	8600
8602	1309	1158
21392	1625	21879
3218	2341	8694
22333	2030	23392
7077	1582	6607
9876	2364	8891
8011	1963	1597
7504	1786	9433
2740	2185	5506
9659	1947	8359
22154	2154	8162
8315	2154	4633
24492	1963	3935
22680	1963	22818
2227	1309	5709
706	2252	2691
7934	1963	22818
9906	1856	8815
2788	1447	9865
1975	2193	25359
7659	1718	4939
9826	1739	9756
8867	2195	25055
24296	2008	4221
24555	1786	1439
22446	1947	3797
7736	2113	9179
3307	1981	25366
8454	1582	22997
23518	2030	22827
22324	2113	4568
22560	2449	23437
2634	2423	9916
10178	1937	23550
22253	2364	24243
6626	2155	21384
22045	1963	22045
21498	1986	25454
7971	1963	22818
8601	1947	9192
9672	1397	1113
8046	2179	2285
8846	1397	22621
2653	1947	9192
1734	1704	7400
22168	1774	8614
6	1963	9584
23136	2184	9700
1189	2117	6886
2926	1740	10389
9019	1582	21072
22497	1963	2590
23870	1947	6445
10178	1947	8417
8860	1439	5925
9462	1397	22378
7892	2341	9476
5841	1947	6445
7170	2154	23397
5065	2000	23820
21046	1947	2422
21253	2263	7258
23213	2341	2696
6258	1936	24370
23503	1360	22378
4572	2364	3127
8953	1894	21707
6975	1521	21123
2393	1947	9192
3640	1894	9377
22475	2000	8815
24022	1439	6721
1504	1521	1158
138	1521	1158
10471	1963	9821
582	1521	3908
7807	1625	4135
10489	2014	3154
21138	1460	8600
4059	2014	7775
24638	1636	7836
765	1355	2172
6802	1439	5988
5346	2449	23275
7003	1894	21135
24371	2423	24897
4291	1521	9804
23088	1963	8795
9547	1408	9179
25490	1521	6735
6800	2022	24896
7839	1947	8411
23437	2154	22560
7892	1582	25066
4303	2154	24244
3504	1842	4408
3853	1521	6886
10451	2008	21872
2981	1951	22406
3685	1947	1830
643	2185	7836
22366	1872	1321
2948	1963	5794
5033	2040	8732
272	2031	4822
23471	2117	2711
767	1785	5495
8431	2189	22975
22195	2197	365
5982	2447	4084
2008	1521	1158
25492	1947	137
3516	2341	3018
5134	2364	578
9476	2154	9489
25331	2019	66
22318	1947	22444
22092	1521	109
23150	1937	4927
3160	1692	3293
4432	1740	23015
25329	2449	4207
22446	2117	3350
22017	1894	21707
627	2364	6555
7112	2449	1669
24977	1430	24977
22919	1447	461
8278	2364	8796
7360	1606	928
21715	2185	5506
21420	1786	8071
23263	2030	21806
734	1686	2601
324	1521	717
9340	1636	24365
22557	1937	1941
22840	2449	21123
24699	2449	3720
5017	1545	25160
2437	1521	4939
4416	1521	24365
24122	2000	9906
36	2284	8371
7005	1947	9192
3620	2447	9715
8983	1704	1816
9440	2263	9440
8730	2008	4221
24968	1947	22444
22377	2040	1058
25441	1963	2917
25495	1653	23297
6944	2449	23015
4898	1774	5170
7452	1833	23826
9213	1545	2666
10074	1833	23826
7667	2145	21005
22219	1754	23036
24447	1774	5170
24595	2341	7615
5645	2423	9797
1214	2423	9916
8192	2373	7825
2711	2185	8747
3297	2202	1113
21738	2202	1158
4633	1878	5064
3761	1396	3350
8263	2030	3611
2373	2364	6375
9398	2014	23723
24082	1582	8872
217	1740	6972
1106	1506	3076
354	1636	3056
10159	2363	3978
2336	1362	23728
7599	1740	10198
4633	1828	9916
9459	1963	8270
3330	1947	98
22572	1947	8411
6125	1842	22158
2355	1947	9192
24506	2154	4019
4502	1447	6256
3853	2103	6466
25028	2040	9663
7360	1833	6596
2901	2210	10475
8211	2449	22560
7452	1606	9921
5863	1784	8626
6996	1404	4911
24118	1947	9192
25085	1947	4433
716	1947	3639
7959	2221	7966
8411	2259	6886
1869	2341	10153
22344	2115	325
9481	1784	24808
816	2179	147
4209	1686	7516
9865	2373	2174
1864	1521	7242
107	1947	9192
24053	1947	4433
1619	2364	24971
560	1521	6735
7112	2154	22840
21892	1430	22279
3018	1946	1908
9278	2210	6740
123	2185	1158
8423	2019	21434
361	2171	8919
24296	1521	24922
976	1704	22461
4633	2343	4019
10065	1740	22186
7986	2100	6451
1744	2030	9476
10213	1767	1098
6	2030	25239
1726	2117	21981
8417	2055	8359
6460	1373	1113
7922	1947	4433
6045	2341	1929
9783	1314	3543
7953	1679	3410
23660	2014	8608
23394	2363	24787
3605	2426	4764
7934	1894	24622
7993	2155	25033
8225	1439	25245
451	1704	1816
6250	1309	1158
8839	2185	2776
4449	1844	7905
2212	2326	5514
21261	2154	5922
6610	2185	10174
1908	1946	5519
4149	1740	2851
23112	1947	3639
21081	2255	2279
21491	2447	22939
1619	2364	21442
23473	1439	3775
25470	1545	21869
6841	1947	1550
9435	1937	23550
22744	1786	5170
139	1309	8475
6588	2160	8074
2173	1606	1439
6671	1684	21159
6891	2449	1669
25235	2397	5183
35	2040	1454
3374	2373	2210
9459	1894	902
1727	2364	4707
6011	2373	1785
4136	2449	4656
9777	1544	22566
3545	2008	8305
22441	2447	21327
9896	2100	8670
4945	1518	8736
22817	1937	1941
8650	1774	2147
22500	2193	10379
7687	1722	9883
9804	1780	1158
5009	2030	3395
24823	2341	23651
1703	1582	3222
4845	1521	1113
22756	1963	1761
3713	1590	9071
3851	2185	1845
3136	1447	5313
7125	2030	313
22511	2117	9179
22312	1963	22818
9979	1947	3639
1837	1397	8855
21577	2014	3917
5426	1582	5478
1987	1521	21327
9700	1754	23036
24454	2260	1918
10461	2040	2434
23047	2450	24598
2869	2162	9191
21798	1953	4556
22997	2030	892
9719	2055	98
7632	2019	24069
2850	2449	2798
21853	2205	23873
2172	1740	5744
24539	2030	21072
22036	1894	21182
5381	1774	22975
1721	1625	25189
23610	2030	23651
22978	2449	23437
845	1545	8855
8087	1456	7574
24805	1559	1066
2168	1740	10198
6284	1947	2029
272	2154	7754
9876	1937	5221
4866	1636	8775
4775	1831	1992
3654	1963	5499
25452	1521	3350
24622	1983	216
24874	1806	24874
25495	1600	8600
9424	2030	4552
22195	1499	24045
68	2155	8884
7402	1894	4416
4410	1309	8475
22191	2185	24390
23636	2030	4179
1832	1521	4084
9151	2155	7946
23634	2179	5389
3886	2423	9916
8508	1397	22378
23829	2336	3498
24046	1362	6947
200	2019	24953
7946	1447	9151
3514	2373	6802
6438	2210	1921
25223	1704	7400
24959	1625	25130
892	1686	8208
10384	1947	8411
9883	1355	9883
4570	1636	3843
22037	2336	1077
9046	2030	1929
23150	1947	137
79	1661	3946
21265	1456	5176
7920	2014	1156
10203	1309	21123
23373	1336	9783
9674	1704	7247
9340	1372	24365
9500	1590	1334
2493	1545	8542
4097	1521	6219
7583	1637	5700
99	1974	6886
3564	1704	7247
24969	1937	2201
9558	1964	25412
521	2373	4616
9119	2014	3917
1830	2340	1182
10179	1947	9192
22859	2113	461
5172	2447	4408
4462	2373	3778
9488	1355	582
828	1521	9715
147	1417	22710
3619	1786	22408
23610	2341	24301
6341	1739	9935
4179	2030	23636
21350	1430	224
21054	1625	6673
5505	2008	9177
9005	2117	7722
22560	2449	8211
9751	2185	22959
7938	1729	9024
463	2346	8683
1466	2030	6174
5208	2309	4213
21404	2413	23344
355	1947	1830
10043	2040	3715
23823	2083	902
21743	2008	24874
5470	2341	25179
23636	2449	4179
2491	2252	9119
1218	2314	2776
805	1704	9504
9785	1957	1597
3076	1963	1106
5582	1740	22186
8819	1521	1158
1337	1464	3713
3715	1439	10043
9371	1963	2349
24723	1937	23550
10241	2117	23047
272	2154	4822
6866	2155	6563
21557	2155	2434
3200	1786	2042
6733	1947	9192
22950	2005	3691
3102	2031	22229
39	1937	4311
7739	1739	1116
22511	2014	9650
7911	2185	21935
1822	2022	24896
23652	1963	4816
10090	2341	4531
5978	1521	8895
8454	1582	892
22397	1704	25215
559	1521	6742
5913	2364	4969
22718	2341	84
10349	1336	4677
7648	2193	3921
8315	1420	2776
304	2030	25441
1011	2117	22939
4284	1439	2788
2565	2055	22444
8315	2449	21416
3147	1582	23636
25080	1686	21854
5223	2373	1393
8758	2193	5280
9440	1947	9192
5556	1947	9192
1672	1749	22357
7782	1521	2207
3998	1396	1158
9701	1963	1143
6957	2423	9797
3913	1521	1158
7116	1430	7116
23957	1937	23060
8895	1774	1690
22966	2341	5064
9895	1309	22220
1764	1309	22939
4456	2379	6219
9990	1521	24447
1727	2364	1494
2437	1963	2917
9299	1521	1158
6944	2154	23015
3363	2154	23332
1669	1456	4059
10242	1704	8686
22169	1440	23221
22496	1947	8359
3339	2364	8086
24219	1521	21123
10095	2100	515
7414	1506	21976
7502	1582	23636
23387	1521	9715
24273	1963	5576
24676	2154	7110
468	2117	1158
4967	1947	2422
22960	1521	1158
7851	1559	191
9398	2014	3866
2190	1402	6190
7794	1947	6028
23634	1541	753
8896	2449	8614
21787	1447	700
23646	1936	4634
4029	1314	4615
5066	2364	5463
6067	2197	1158
4547	1516	678
23346	1580	1676
10066	1858	2941
5851	1767	1098
2998	1963	23660
8359	2340	2565
7725	1936	7922
9183	1397	1158
21284	1731	22192
24096	2405	3133
8941	2094	24977
24823	1325	6438
1417	2364	8554
8719	2409	2207
1693	2402	3863
9165	1521	1113
10203	1947	98
23275	2154	5346
306	1309	3350
1494	1440	8122
1011	2014	3841
6368	1844	1692
9558	1947	8359
23166	1739	3022
21320	2377	22839
21844	1997	3729
122	1937	24045
6163	1947	137
56	2414	4025
9785	1453	6944
4328	2423	9916
7856	1951	6335
5346	2154	25329
4350	1309	1158
1262	1577	5208
4626	1625	8800
3112	2423	9797
5	1947	4433
1989	2155	160
5836	2193	25359
8554	1947	1635
25265	2252	9119
21406	1947	4433
8328	2014	3133
5166	1456	23660
22229	2031	3102
8367	2113	24276
6740	2185	9278
8019	1447	21529
4432	1483	8011
2153	1947	9192
4986	1606	4152
2173	2030	1439
22440	2155	3500
2219	1869	9165
25450	1937	22074
8786	2117	9714
7556	2447	8475
4841	1367	4841
21018	2423	24269
2818	1521	1158
10020	1309	365
24312	2113	21384
24784	1841	365
4195	1947	4433
6915	2031	3102
4029	2092	4615
6445	2340	22444
8411	2055	8359
8460	1636	10054
23158	2427	23158
23297	1639	6976
21887	1439	8761
7936	2208	1166
21540	1872	5794
3330	1947	1182
21976	1963	6051
1065	1947	8359
6230	1372	9942
4633	1420	2776
23750	2117	6886
23437	2449	7640
5501	1521	1113
3516	1420	22593
5488	1521	1158
7832	2009	22145
8009	2423	25287
23041	1963	23467
23945	2154	1621
3954	1937	855
9488	1355	8759
9826	2014	8006
23047	1438	6907
25151	2043	22378
787	2030	5804
24242	1545	10043
25160	2373	5017
22975	1606	2512
24539	2030	4362
22251	1729	6617
9921	2341	7452
6045	2154	1929
9641	2108	6638
21923	2113	1343
8675	2266	24922
1475	1521	21116
1556	2341	22411
515	2255	1013
23397	2154	23028
8884	2113	1799
4531	2449	10090
8010	2281	25207
23118	1704	9116
8732	2040	6432
2862	1397	22378
2627	1947	8411
24420	2428	6077
9685	1521	2776
1098	1708	3350
9235	2447	3056
217	1740	25191
7712	1947	172
4240	2000	23779
7139	2155	160
2335	1545	2910
3805	1705	7918
4915	2179	7093
10055	2113	4976
9967	2202	1158
24398	1794	21054
3355	2186	9209
23973	1947	3639
23809	2117	1502
1609	1946	9986
21182	2108	2744
6177	1460	23858
22387	1787	22378
5373	2030	5572
4519	1308	1589
2557	1715	8600
6359	2043	21940
929	1947	22444
6361	1521	21327
252	1529	8752
10105	2447	6886
23854	1423	23688
7116	1947	4433
8752	1582	22827
9459	2341	23823
25492	1947	2422
7739	1739	3908
25348	1545	1393
23518	2189	5170
24644	1947	8411
1922	1506	6870
5309	1447	6673
23437	2154	9260
4432	2252	2691
10280	2117	21288
3640	2030	3481
21293	1947	3639
8242	1868	4469
6001	1947	4512
21577	2014	2924
23451	1787	21123
8308	2364	5440
8942	2103	6466
23356	1309	365
22663	1582	3640
22406	2197	2981
24347	2154	8953
7003	2341	3886
23493	1447	4379
24454	1397	8855
21024	1895	22265
22603	2030	1690
6331	1521	21123
22511	2014	4550
22839	1564	25412
3793	2423	25037
22533	1787	21123
1390	2364	21449
8893	1442	8600
4471	2377	325
6453	2282	1003
23133	2423	9901
24896	2022	8814
21977	1985	1113
9967	1521	9804
9701	2263	1062
3487	1947	9192
25120	2040	8465
21192	1774	5170
2129	1740	5744
23997	1309	1158
2294	2093	8747
5346	2154	9801
851	2008	7783
1748	1936	24739
6753	2340	6753
25267	1566	21123
21390	1963	5444
2891	1565	22573
6915	2154	3102
22332	1420	24922
9261	1508	6185
9913	1683	4213
4152	1521	23320
4217	1947	9192
8110	1947	6753
3163	2377	325
4303	1408	3866
4775	1438	2748
3102	2449	8350
3040	2447	22621
3775	2040	23473
21963	2000	21053
22411	2341	2317
1669	2449	8200
1703	2030	3222
3930	1963	9825
23814	2364	25072
5898	1994	5780
22927	1521	1158
6896	1541	975
335	1953	4556
9398	2117	772
1551	2155	10479
30	1963	5358
23504	2040	23062
24110	2447	24665
24993	1787	8855
7776	1421	7776
6217	1521	23503
7042	1506	6870
7556	2447	1158
2850	2449	4269
1715	1397	22621
8752	2189	5170
7030	1521	4084
5946	1896	2320
6217	1963	24511
23387	1472	3935
5700	1637	7093
5381	1603	22573
22798	2364	24029
5078	2093	2981
25186	2364	9504
3415	2202	1113
8445	1963	8270
5173	2449	21123
1344	2030	24071
8684	1355	9392
4879	2202	10475
22939	1831	24958
1958	1729	288
4668	1559	3001
10258	1521	22939
4969	2364	2534
21192	1603	22573
8244	1704	9791
9909	1625	8624
2691	2014	8011
2650	1521	1158
9631	1947	1550
5426	2030	5478
9259	1963	7725
2765	1947	137
8371	2423	9797
4091	1314	1152
23680	2031	9260
3892	1947	6445
3147	2030	1344
8919	1963	24500
2908	1947	4433
5008	2449	1144
7782	1680	7801
5498	1440	5498
2773	2364	21350
8091	1362	7020
22788	2341	3038
24786	1953	4556
9712	1740	532
5082	1733	9783
7258	2364	1816
2222	1521	22378
4151	2406	1520
24849	1308	1589
21933	1947	6028
1768	1309	21327
9007	1729	3719
56	2174	4158
9281	1397	21192
21706	1376	919
565	1362	2336
24987	2364	7763
21235	1602	361
2367	2428	6077
24622	2030	4633
1334	2125	8074
8099	2000	10264
2299	2155	4980
7630	1521	22939
8765	1963	21198
23680	2449	4946
9852	1521	1158
7739	1739	21395
9326	2209	24358
22195	1408	24310
8058	2449	3054
21078	1652	2872
2614	1947	6445
1133	2252	2691
7419	2447	3350
5238	1730	5238
5952	2000	6378
1651	1740	24122
1492	2154	7281
24319	2209	7030
5506	2040	2120
8913	1516	6090
2266	1947	4433
4085	1521	1113
21353	2266	6886
21750	1309	5646
4246	2164	5503
7920	2014	24238
847	1652	1641
16	2154	8350
4263	2341	1611
23712	1947	4512
3701	1937	23550
2447	2252	4863
24918	1521	2299
3687	1937	23550
5674	1528	8600
22340	1872	4043
10143	1937	23550
2589	1545	2273
5389	1314	4677
133	1423	23688
7068	2014	1854
8836	2221	285
24168	2159	6728
23046	2155	5988
5738	2014	23833
5435	1521	1158
9212	1420	2776
9080	1309	365
22789	2030	9424
5501	1740	21364
7462	1506	8783
958	2341	9405
24968	1947	6445
23408	1521	21116
805	1936	25186
7866	2154	7832
24628	1499	7901
6351	1625	5506
3706	2154	25066
3851	2185	21054
9119	2014	5744
21667	2154	24321
5098	1590	2285
5249	1509	6176
21365	2449	1154
6085	1582	21846
24429	1456	5011
443	1937	24945
24151	1582	6962
24821	1309	21123
21384	1447	6626
24561	1947	25310
2439	1794	1386
2373	2428	6077
1641	1826	847
22083	2449	22059
2561	2373	1360
21750	1947	9192
1491	2447	24665
21072	2341	24539
1495	1439	2434
5186	2103	7984
21707	2341	978
8011	2154	23015
818	1309	6740
21032	1521	4685
10284	1794	7949
4741	1521	1158
21389	1447	24276
719	1451	4213
5434	1841	21123
24863	1420	9999
4592	2428	6077
6460	2447	4084
6902	2373	24276
23366	2117	6886
2998	2252	23660
21943	2425	8600
21423	1937	754
21615	2113	2910
527	2043	1113
9255	1794	6610
6283	1936	4634
23297	1528	8600
3916	1936	7922
24388	2364	24388
5332	1704	22926
7739	1739	5236
8953	2202	6886
1944	2364	834
893	2154	23069
3059	1590	2285
25066	1582	1744
8584	1740	9883
1520	1947	9192
118	1963	1499
2287	2364	21268
3519	1936	10121
5831	2364	1006
23267	2154	7714
161	1896	7941
10210	1963	22247
1982	2185	22939
9875	2364	6629
21976	1963	7414
21752	1506	3194
1386	1559	21068
5006	2022	6767
1478	1947	2565
23437	2031	4946
3324	1974	22220
978	1950	22818
21522	1947	6445
1944	1937	6400
1003	1506	6453
6673	2113	21054
23030	2040	9518
4610	2341	313
7261	1309	1158
3605	2426	2941
2179	2193	7902
23446	1545	23037
24250	2364	3641
9702	1503	3946
9978	1947	2422
23209	1947	8417
3598	2154	1154
21830	1729	6617
9379	2449	25295
2440	1479	1113
967	2185	1158
8754	1729	6851
3862	1582	1742
4400	2030	24485
6391	2373	624
9514	2189	5170
217	2202	1158
1073	1309	9804
25028	1794	1987
6200	1947	1449
6185	1638	9261
21498	2030	21707
5098	1749	9970
3154	1355	5742
7739	1739	23664
7924	1894	3681
3323	1729	24845
3920	1947	1182
2955	1787	9179
73	2193	558
4234	2373	6626
9552	2364	9484
3457	2235	7888
8187	1704	1816
8604	1653	2356
21842	1521	2981
22830	1842	3605
24941	2030	22333
5027	1947	25310
23619	2062	23393
5858	1997	25207
5501	1740	21536
3611	2154	8263
9615	2117	21123
1917	1686	8208
21192	2154	5381
519	1545	21787
23052	2179	7340
4291	1521	1158
1929	2449	6045
24061	1947	8934
9837	1559	296
10241	2117	22208
9405	1376	8642
5519	1894	21498
21589	1774	5170
9248	2069	2958
22708	2000	9785
21707	2316	21498
10285	2073	1692
1514	2341	6887
8913	2263	326
9140	2155	21852
2226	2184	1129
9216	1947	2422
10459	1447	239
23102	2154	4426
2696	2447	5309
3336	2364	10111
24449	1947	8359
24304	1609	4946
5470	1963	1761
5413	1704	1816
23652	1947	8411
2635	1704	1494
6223	1947	22444
3323	1729	9007
45	1947	137
24404	1704	25215
36	2423	9797
10451	1729	2354
21670	2397	3473
5495	2103	767
22952	2367	2572
24489	1582	2317
24491	1704	21791
21498	1894	3395
8458	1774	22340
21570	1439	5241
21135	1608	7003
21123	1767	1098
1192	1947	9192
24278	1936	7258
926	2185	1158
2302	2000	9543
8574	1582	22997
5335	1521	9999
2042	1833	6596
7687	1740	9883
3382	1937	1941
21384	2040	1799
25275	1947	9192
22843	2185	1158
10061	1936	841
22670	1506	5984
6996	1509	4213
21283	2185	1158
1006	1947	21014
1016	1894	5009
25435	1749	1152
22366	1963	1321
23405	1521	1158
8328	2014	24122
25498	1951	6335
21381	1722	9488
2203	2030	24358
3271	1582	25139
24957	1483	8011
4486	1729	6343
9353	1947	3639
21830	2008	477
2393	1704	2789
7313	2154	1492
1725	1947	6028
6725	1947	3639
2849	1740	9650
6023	2447	10095
2534	2364	4969
1344	1582	23636
7425	1894	902
23728	1362	2336
23797	1521	8895
9822	1937	4311
22565	2263	10121
22966	1963	8270
24737	2423	149
25139	1582	7129
6279	1997	8915
8494	2423	24897
24780	2341	7949
22250	1521	1158
21253	1936	1077
3372	2428	6077
2042	2030	21535
445	2364	5913
4907	1309	1158
21024	1963	22265
21390	1704	24029
9349	2423	9916
1102	2103	24628
2667	2341	22312
9489	2030	9476
1184	2364	1494
10366	1590	2285
350	1544	22566
8442	2373	6795
3516	2449	3018
6255	1754	25144
4075	1582	9743
8352	1408	4725
5052	2336	3941
3367	1397	1158
5278	1784	2276
22664	2103	25434
9807	1740	23056
21902	1521	21123
9080	1440	8544
21422	1460	7324
9034	1778	6971
1407	1947	9192
1977	2093	5152
7116	1947	2422
1451	1947	9192
9505	1963	8881
3470	1590	9071
21444	1947	3639
1218	1521	22561
22498	2170	22378
3637	2155	1861
5519	2030	3714
249	1521	1158
9022	1545	8182
10019	1894	6085
24381	2008	5505
6513	1786	8028
2765	1947	4433
6487	1740	5746
24020	1963	9154
24069	1531	7836
4408	2210	2815
21853	2030	7129
1417	1947	1635
3769	2449	24863
21253	1704	1077
7031	1439	315
6808	2185	1158
6063	2364	8602
4598	2282	4251
6351	2373	8241
23348	2146	579
24622	2316	7934
560	1606	25490
1262	1683	9639
8919	2202	7242
23518	1582	9235
21543	1947	9192
3338	1545	8855
24896	2022	8929
25495	2425	8600
23945	1963	8270
3524	1963	5662
5612	2154	4712
22312	2292	21135
5404	1947	9192
3646	1582	4179
2910	1625	21615
24598	2319	23047
25333	1947	9192
22080	2030	3640
8729	2202	1158
7287	2373	21028
24619	1947	6753
7952	1754	23036
22279	2364	21632
8620	1521	22939
2878	1545	5915
9466	1506	22526
4766	1784	9074
4080	2225	8600
1598	1521	1113
23069	2341	5724
355	2364	2789
23845	1397	1158
23958	1947	2565
25435	1314	9970
133	2373	1745
5783	1936	25316
3206	2094	24977
10019	2234	6108
2748	2193	25359
9599	1433	21123
4159	2263	24644
9899	2252	8328
9022	2113	6690
6588	1314	3742
24277	2000	9906
2597	1947	9192
21807	2008	1987
2788	2155	4284
8597	1447	24955
1693	1333	4476
4989	1404	4911
9326	2154	2505
8732	1439	5033
6268	1963	24785
7159	1963	21198
5170	1376	3200
6434	1430	22642
21844	2186	3729
864	2155	9740
10056	2364	9461
9235	2341	21717
9826	2014	10215
2512	2363	22744
2704	2364	10071
23832	2423	9901
10469	1545	24103
4645	1947	98
6487	2252	21577
22950	1460	8600
22511	1476	21699
4258	2189	560
9785	2221	7966
6177	1591	23858
4090	1582	1869
3640	1872	2226
24763	2154	5143
6349	1947	9192
8315	2208	21416
22679	1858	1992
9659	1947	98
4113	1336	1152
24832	1947	1550
3336	1309	9179
22950	2217	3691
498	2263	21522
9821	1947	6445
624	1794	8641
6981	1836	877
3076	1947	6445
4062	2113	5602
22560	2154	8211
4797	2030	6127
9391	2341	8966
22966	1894	4633
19	2154	2317
2806	1521	24390
21667	2341	24321
24374	1653	2557
9424	1409	9081
8182	2155	24928
22158	2367	2901
1519	1440	21023
3524	1936	1619
5259	1947	9679
5573	1456	23723
21123	2185	3350
5131	1858	22830
10424	2221	285
23041	1936	841
23423	1947	2422
3102	2031	6915
21668	2184	1129
5155	2449	22232
8182	1439	9022
2317	1582	22411
22250	2202	1158
1048	1947	4433
9391	2154	4019
6451	2426	2250
2367	1947	4512
7440	1947	9192
3694	2193	7902
21578	1545	1526
881	1869	2926
4456	1320	1937
21266	1947	9192
508	1962	10265
6082	2043	21192
24071	1774	23636
23990	1947	9192
24412	2377	325
7994	1544	5588
3668	1447	8241
7776	1309	3350
1756	1521	3668
1446	2266	717
23266	2117	23664
7834	1483	23969
578	1440	5134
24045	1499	24310
313	2030	4610
4217	1947	6445
5011	1771	24429
7129	1521	1113
25368	1625	9865
8814	2022	1822
5313	2373	10292
5488	2202	1158
4634	2364	7400
9220	1521	1158
21831	2364	1816
21738	1521	1158
24312	2155	1799
2437	1325	2917
3372	1947	3639
6281	1331	9801
160	1625	1989
23373	2179	25233
469	1785	6301
24312	1625	68
2043	1509	8938
24151	1686	23378
9192	2055	6445
3898	2341	5533
1102	1521	1158
1417	1937	8554
4590	1947	3639
118	1963	23976
7916	2055	1182
4053	1483	9297
1344	2030	3147
24970	1947	4512
8815	2221	7966
4463	1309	1158
4598	1963	24453
1110	1937	21325
3727	1582	1869
3354	1506	22397
9229	1320	4269
7227	1963	9584
816	1590	147
22136	2030	2623
6256	2155	4502
2054	2155	9941
22378	2426	22573
9797	2301	8371
6460	1963	22937
3727	1521	1158
4118	1953	4556
7556	2341	6727
2909	1740	6944
22735	1896	24898
24306	1947	9192
22561	2185	21934
24456	1309	365
6361	2449	8172
2251	2341	4021
734	2030	8315
24045	2102	22195
6917	2154	7077
4863	2117	6971
25495	2244	8600
24292	1758	6293
24686	1704	8796
23127	1936	9729
22646	2185	21935
5915	2373	2878
303	2113	6256
261	1937	5221
24148	1956	598
139	1309	1158
22037	1704	1816
6445	2340	1830
6802	2113	23857
8602	2364	25397
8919	1521	7242
3383	2186	21742
21207	2405	7243
2260	2364	1390
5847	1521	22939
6314	1430	6200
24561	1947	2422
2174	2040	9865
7739	1739	21265
4648	1740	21608
22125	2263	2002
797	2030	4380
796	1774	23610
24764	2185	22404
5565	1790	8600
9514	1582	22827
372	1684	24277
9398	2014	25389
6359	2447	1113
2712	2000	5448
3324	1894	5009
21577	2014	23056
4400	1963	22265
5444	1704	24029
25009	2189	2512
23178	1521	21123
21887	1545	1583
4362	2154	24539
9325	2434	1365
10176	2447	24665
24370	1309	3808
3954	1704	6457
1552	1947	9192
71	1538	9267
1861	1447	3637
25490	2154	24666
4735	1545	24831
8929	2022	8814
3566	2202	1158
4400	1582	24485
919	1606	21706
734	2030	4633
24719	1506	24027
25223	1936	4634
4633	1983	5064
22978	2449	4946
4634	1398	2511
7659	1718	22939
24805	1785	9401
2691	2014	24122
5898	2030	6656
3769	2449	8263
8830	1947	4433
9183	1939	8150
8454	1963	8454
22317	2364	8544
9476	2423	24269
893	2341	23069
8394	1625	21875
8642	1521	1921
25101	1464	2285
21625	2113	9972
4059	2117	1933
10111	1947	2422
3222	2341	1703
22247	1516	10210
21320	2377	325
5717	1937	23550
7129	1521	4084
6962	2341	24151
4323	2030	4021
6976	1602	25495
22094	2341	24634
5227	1767	1098
10172	1947	9192
23568	2154	23421
8765	1963	3687
9432	2364	24456
23266	1567	3367
2366	1722	10198
10433	2008	9517
5742	1740	6972
4422	1456	23553
6280	1794	25494
23373	1314	664
8132	1947	8417
22924	2221	285
25486	2423	25287
7545	2000	8815
6150	1947	4433
6165	1521	385
2076	1947	9192
21580	1963	24
9275	2244	8600
7728	2030	1469
4640	1545	24709
4021	2030	2251
4758	1947	9192
8514	1704	7247
901	2185	9714
24789	2423	9797
22697	1590	2285
23046	1447	4014
1710	2155	1935
21521	2040	3398
1011	1739	9756
10433	2247	7114
10293	1625	24242
4263	2030	10176
3790	2185	9270
7554	2185	9714
8185	2364	24778
1752	2113	521
4303	1963	21699
6331	1521	22378
23393	1544	22566
7549	1585	7549
23437	2154	6330
4091	1397	3350
7281	1963	2766
7116	1440	7116
10065	1521	1158
22629	1739	22621
6023	2423	10431
2789	2364	2638
21987	2094	25186
1153	2154	21158
6445	1351	8411
9623	2185	9714
2272	1854	706
24803	2040	10029
8574	2030	892
22232	1653	5155
22744	2447	5309
9145	1787	22378
23405	2202	1158
21409	2040	23615
24666	1606	25490
9445	2117	1158
8574	2341	23214
23680	2154	21573
24863	2154	3769
22669	2066	22669
4506	1521	1158
22220	2185	7132
1864	1521	1113
4091	2092	1152
2964	1439	24015
3941	1947	6445
9777	2062	23619
24490	2373	10209
5011	2014	22415
7599	1483	10198
7467	2447	3350
1703	2423	161
6695	1740	21742
22860	1516	3524
5922	2449	1266
9145	1461	25093
719	1404	4911
6622	2154	23568
8168	2000	6378
55	1633	55
9119	1355	8584
9880	1786	495
21582	2154	9446
5489	2154	24110
4059	1476	22159
4596	1895	24898
3102	2449	6915
892	1963	5794
23943	1513	23943
8285	2263	1292
6438	1774	23651
22169	1947	9192
24	1937	23550
6925	2364	2638
7346	2449	1756
1494	1440	21831
8542	2373	2493
6371	2428	6077
23102	2341	4426
8978	1740	22186
3206	1947	98
5018	1872	2596
7490	1740	4662
2491	1740	7243
1727	1947	6445
8541	2449	9950
24834	1704	25215
4449	2202	21867
6370	1844	1692
8350	2449	16
7031	2113	7357
23297	1915	25495
6737	1936	23889
23267	2449	1517
8730	2008	9177
24849	2221	285
272	2154	3102
7261	1947	9192
7977	2449	6565
8815	1856	9543
9177	1729	8730
3600	2117	2178
21284	1798	6837
7437	1309	24390
3574	1947	6445
7953	2447	24665
7810	1447	24398
23045	1936	24644
9204	2171	25057
9994	2449	2744
21469	1936	841
3727	2423	25287
21182	2341	2744
7492	2426	21180
3200	2363	22744
22479	1947	3639
2922	2341	6993
10105	1963	2596
24634	2103	6466
4198	1309	1158
9631	1309	1158
560	2449	25490
4375	1963	4375
4393	2354	1218
22412	2423	24897
6896	1417	975
1583	2113	21887
835	2178	22076
4019	2423	9916
9398	2014	9883
2442	1936	25316
10243	1333	4615
7172	2364	2367
21344	2000	10424
7003	2154	3886
6885	2341	4668
8626	1784	5863
1852	1963	9584
3794	2008	9007
6234	1894	21498
9921	1786	1052
21506	2373	700
21469	1947	9192
25412	1413	911
8729	1740	10198
22428	1937	23060
8143	1439	21615
3930	1963	21065
7549	1932	7549
25308	1625	7333
4598	1947	8359
7993	2185	22404
7739	1739	9935
9005	1512	10470
23823	1894	902
9756	2449	6891
7363	1373	21940
22406	2184	9700
23873	1692	21853
8307	2364	1862
831	1438	1887
23636	1774	3646
25490	1376	24666
21244	2000	9988
7009	1787	9179
3038	2030	22788
1752	1447	10284
6885	2341	5612
2197	1869	21018
24311	1309	365
4090	1521	1158
3694	2426	3378
10363	1362	22043
21390	1947	9192
9321	1947	9192
1669	2449	1921
4940	1642	8264
6185	2320	628
23015	2449	8011
8039	1774	5170
4863	1963	22159
1428	2113	8597
24823	1778	10095
24852	1704	9504
5738	2014	25026
7308	2447	1158
7283	2344	23226
5802	2447	3350
9835	2447	1113
21498	2418	5519
21869	2373	25470
23421	2030	23568
22397	1963	3354
7227	1872	9584
1289	2263	21861
683	2185	133
23917	1754	25144
24449	1963	6642
24393	1521	1158
8089	1321	21218
6	2030	6949
7739	2029	24122
10241	2156	285
23047	1869	667
3544	1963	5117
10264	2212	10476
9920	1362	21398
21416	2154	8315
3321	2373	21123
25321	2364	7763
5556	2323	365
6693	2008	1958
3479	1684	24455
24988	2030	9994
8302	1936	5134
846	1521	22621
22323	1545	5313
8088	1313	8088
4234	2155	24312
664	2092	25233
25465	2202	1113
4633	1828	3825
21158	2030	1153
4290	2263	1292
3687	1947	6445
21362	2354	21362
70	1332	1113
9398	1476	21699
4976	1545	2398
1210	1637	21775
24491	1947	9192
3797	2055	3540
2491	1740	25286
6223	1947	9192
4410	1309	1158
7251	1869	6987
10178	2364	22926
9109	2226	7198
23271	1784	4477
24823	1521	1921
161	2184	1129
10323	2397	558
6370	1844	8867
2156	1447	8152
706	1740	2272
21580	1963	10143
22017	1894	3395
6209	1723	9672
6295	1794	1987
6695	1740	25026
8305	1729	8737
9777	2287	350
1816	1947	9192
9683	2040	648
9424	2341	22789
1754	1858	22830
6813	2423	21668
9145	1798	10346
4531	2189	2512
1344	1774	3147
22186	1963	1597
9762	2133	6886
1129	1754	25144
10105	1521	6886
532	2093	9089
6801	1521	7448
7599	1521	1158
24737	2449	1609
25495	2098	6976
6819	2019	4725
2326	1396	21123
22545	2100	6451
1494	1947	9192
2782	1582	5478
8398	2364	25096
1052	1786	9921
6695	1740	6458
7157	1936	25316
21420	2447	4574
22068	2113	303
1344	1774	23636
495	2202	6971
25267	1566	22378
5925	1545	8860
9543	2359	8815
23601	2359	22457
3681	2030	2252
22254	1729	23298
9001	1461	22083
25040	1316	22649
9203	2113	25130
23214	2154	8574
372	2202	1158
3057	2030	1908
5495	1559	1828
6620	1807	4113
24686	2263	8796
9826	1739	9616
24969	1947	4433
3486	1559	1066
25232	2428	6077
6045	2341	3106
9517	1846	10433
3526	2341	21043
25490	1376	560
10056	2364	9116
1184	1947	9192
40	2080	22012
9154	1947	1830
22340	2341	1756
10491	2067	10231
6885	2030	4668
9849	1784	763
5533	2154	3898
6902	1447	8367
21911	2146	24454
5426	2189	23387
7112	1456	2446
24721	1937	9462
2597	1936	24029
21015	1587	3644
8829	1447	2920
22686	1704	1816
8602	1440	25481
22686	1947	6445
24820	2447	1158
2095	1907	3596
6139	1754	23036
22158	1869	24132
7258	2364	2789
22333	2341	24941
9519	1652	6360
6090	2263	326
9832	1428	4439
21828	1470	2815
21043	2363	23017
4453	2184	1129
22565	1936	10121
6453	1963	24453
4055	2154	9030
4773	2247	4246
2172	1483	765
24699	2449	3647
9852	2202	1158
23392	2030	7162
3052	2243	2924
23421	2449	23568
21853	2030	180
9826	2014	2351
6727	2030	7556
8211	2154	22560
9177	1729	10451
4640	2373	1710
7630	1684	24095
4465	1309	3350
22978	2031	23680
717	2113	24922
24310	1433	6886
25080	2341	9212
695	1483	21901
25139	1894	7129
24624	2067	10231
402	2154	4596
22798	2428	6077
21520	1604	2095
21632	1430	22279
9392	1483	8684
4059	2117	21123
6671	1684	2446
7739	1739	21981
5033	1447	4616
4921	1858	1364
4019	1894	4633
10090	2189	5170
1903	2185	1158
23518	2189	2512
4589	2184	1129
4638	1947	6445
1514	1894	5172
22379	1963	4919
1013	2255	515
9665	1521	1158
6341	1739	735
3415	1521	1113
1526	2373	21578
23150	1947	3540
3524	1963	8108
24381	1521	8895
7739	1739	1726
1011	1476	22159
24368	2263	9536
25051	1947	1830
5279	1309	22378
1869	2423	25287
24447	1774	2512
5518	2083	4263
24533	1355	23405
1692	1521	21867
7134	1947	6445
1599	1772	1816
1920	1947	8359
7315	2446	2510
4438	2359	23779
8280	2155	9179
6341	2029	22186
8574	1582	892
10043	2373	24242
9896	1360	6396
7967	1521	717
3209	1947	8411
8411	2055	6445
1116	1456	6972
7739	1739	4685
5526	1535	3329
3546	1309	8475
9275	1653	21132
1179	1704	9876
3112	1521	5038
25300	1722	8271
10253	1947	3540
834	1430	834
285	1869	2926
4044	1545	8855
6728	2311	24168
2326	1704	23889
3851	2185	3350
9488	2093	22840
22511	2014	2234
197	1740	24238
7452	1786	10074
3098	1603	3473
958	1521	1921
24865	1963	1737
10146	1636	7836
3692	1937	45
2638	1440	21933
4149	2252	9119
7326	1521	21054
3102	2449	4822
4819	2449	22756
25009	1686	3350
22059	2154	3908
23619	1544	22566
25452	2202	3350
4473	2221	7966
7180	1309	1158
2573	1947	9192
8759	1483	9488
21573	2154	22560
10451	2008	9177
5488	1740	10198
25151	2030	9879
21334	2003	9990
2272	2000	9785
10172	1521	3350
3886	2341	9349
313	2449	4610
2685	2030	24321
8302	1936	5675
23590	2447	7242
6915	2154	272
7630	1740	24648
4142	1947	98
22028	1521	10054
3812	2363	1507
9505	1963	23209
23897	1521	7242
1073	1309	1158
23815	2341	25139
21540	1521	5227
8675	2266	6219
5987	1947	6753
8416	2154	2696
23158	2351	6126
578	2364	578
7110	2423	10261
8677	1947	6445
24269	2184	9700
364	2364	3042
2317	1963	5794
23968	2030	7308
7602	2364	3127
10078	1894	21498
25465	1521	1113
22374	2146	4408
21176	2423	10431
22871	2155	1719
9885	1915	9121
3540	2340	3797
23607	1842	23503
6607	1894	6917
4588	2217	3802
23501	1440	1601
9248	2185	1158
1749	1397	1113
2691	2014	7513
24491	2263	24118
3586	2414	4025
7739	1739	8475
5612	2449	6885
4653	1430	24561
7952	2184	9700
23446	1439	6166
294	2364	5493
24676	1963	10261
24061	1947	2422
23976	1516	118
4975	1360	22378
21915	2449	8200
1901	1439	8911
23854	1423	1527
22635	2449	4946
10379	2397	10379
7751	2154	1016
23015	2154	6944
23553	2093	4422
24188	1937	23550
7622	2019	24953
21103	1947	98
10260	2014	9083
24896	2022	1837
5621	1582	892
4400	1582	9812
6671	1740	2446
2691	2014	6944
10198	1355	7599
9826	2014	7513
2623	2341	3855
5934	1997	23573
25362	1947	137
2378	1740	3679
23392	2449	7162
25144	2099	1129
9031	2447	1176
6555	1947	2422
300	1947	8359
1799	1625	8884
2297	2263	24970
9879	1582	4179
6335	1774	10258
3395	2030	22680
6817	2341	24665
8061	2447	6735
4326	1947	9192
10109	1430	10179
3321	2185	22378
4271	2364	22461
1609	2423	9797
9916	1774	24486
4545	1947	3639
9677	1704	1816
9267	1521	1113
23052	1541	147
10470	1740	3647
24588	1545	8019
7920	2014	9605
7003	2030	3886
4059	2014	3154
4182	2379	8597
25476	1551	25476
3018	2341	5519
24370	1947	9192
4915	1590	7093
22419	1521	1158
24975	2340	2565
2910	1439	2335
9587	1582	4323
24916	2185	7836
6278	1440	9327
6458	2000	3383
21257	1947	9192
10433	1846	9517
3954	1573	6457
6930	1947	9192
2677	1545	5988
25295	2083	24622
7986	1869	21176
9821	1516	7159
7876	2067	10231
1022	1947	9192
10425	2323	22378
1845	1868	1098
22955	1704	326
5822	1447	5699
4029	1749	1152
8853	2341	24855
25286	2093	7722
7452	2363	1052
4323	1582	4021
6011	1439	21852
21990	1704	8132
25178	1842	22067
6176	1441	9458
7326	1521	3350
2366	1740	10198
1153	2341	21158
7229	1729	21830
24207	1521	2776
23123	2423	9797
1715	1333	4677
23652	1963	4663
9826	1476	22159
5924	1936	8686
6891	2449	7112
892	1521	3350
3516	1521	22593
21024	2154	5964
5678	2449	23437
7077	2449	6917
24360	1740	24533
9885	1460	8600
111	1636	25006
21582	2449	6204
5556	2364	9273
25183	2117	1158
4741	2202	24069
24740	1937	1941
8811	1521	1158
4210	2364	24029
6705	1521	24953
23522	1521	6886
24664	1314	2285
7437	2364	6132
3769	2030	8263
22558	1397	1158
2496	2193	10379
9165	2043	21940
3324	2341	9424
6223	2329	8686
23424	1787	22621
9260	2031	23680
2688	2364	22109
9046	2449	1929
9029	1787	1921
9990	2447	9937
2178	2185	2105
4764	1842	3605
8308	1947	9192
2252	2341	3681
787	2320	1218
8652	1963	21334
2788	1439	25368
9121	1653	9885
6837	1461	8487
372	1740	24277
21150	1686	4282
22686	1506	1599
3715	1794	1987
3175	2449	4986
24231	1947	4433
5008	2030	1144
1153	1521	7946
9088	2008	5541
22694	1397	10095
22399	1521	3350
22186	1355	10065
22919	1545	24242
2716	1729	21076
5057	1794	902
8759	1740	9488
4350	1947	1550
6143	2030	8898
649	2447	8855
4997	2155	2946
24098	1447	21923
22798	1947	9192
5576	1506	24273
4633	1878	22966
25414	1590	147
7851	1559	7801
24953	2210	643
4633	2343	9916
7618	1947	4433
10199	1309	22621
21808	2185	365
5984	2336	2141
8357	1521	1113
2818	2341	4380
7425	2030	2629
7243	2000	23820
2120	1425	8460
9005	2117	9237
5426	2341	2782
3486	2154	1833
10241	2014	9737
24805	1559	4456
734	2449	4633
6473	1506	6195
4289	2030	25295
23236	1947	8411
1552	1521	3350
6011	1447	7571
3882	1947	25310
9088	1729	670
2129	1521	21123
23565	1521	1113
2834	1559	1066
670	2447	6886
3714	2341	5519
24468	2186	21536
10284	2155	1752
10223	1521	367
25295	2341	4289
23077	2154	3359
2638	1947	4512
7971	2292	21135
4731	2113	8952
23062	1439	23504
3410	2008	10451
1959	1947	98
3898	2154	5533
23973	2117	21123
22967	1731	6567
24665	1774	22094
9235	1521	5768
10433	2247	4246
22545	1558	2250
21844	1957	6279
4687	1947	4433
9906	2359	9988
7668	2000	10424
25085	1506	9259
23423	1963	7604
2786	2093	24858
9005	1355	24093
8656	1521	10095
1651	2202	1158
10071	1947	22444
5738	2014	23164
21350	2364	23501
4039	1309	2299
5489	2341	24110
4393	2447	95
9488	2000	9988
21540	2341	3646
7739	1739	735
10292	2040	3136
3018	2341	3516
4588	1460	8600
10199	2364	4229
9879	1963	5794
2597	1704	9116
22361	2040	9278
5582	1521	1158
4633	1983	9916
22669	2062	5775
21540	2447	21123
3271	1582	1832
3438	1947	8359
4863	2014	21742
5213	1582	23314
21632	2364	21892
3395	2341	5009
3456	1963	22818
22101	2185	1158
6063	1440	25481
3937	1521	22939
23424	1300	23424
6617	2008	9007
1136	1963	8622
7714	2030	23267
24238	1355	197
8489	1894	21707
22361	1545	22593
6432	1794	7949
5172	1508	1514
9260	2309	4213
2495	1420	365
3513	1963	2456
2393	1947	22444
4416	1582	7402
820	1362	23422
10464	2000	3383
5341	2154	23214
10374	1397	22378
23378	1787	21327
21535	2341	2042
40	2080	6136
1832	1963	23873
25010	2160	3713
24288	1516	9174
21138	1653	9121
23325	1636	23208
22509	1521	1158
22960	1740	5176
23820	1308	21207
1676	1521	9804
9995	2185	1158
23946	1521	3350
9177	1521	6886
9179	2367	8143
21921	1309	1158
3395	2030	1739
2990	1963	23895
23831	1947	9192
3323	1729	23685
22807	1894	2685
8891	2364	1959
1920	1937	23550
24492	2154	5426
6653	1521	4574
1944	2364	3141
7856	2185	22939
5505	1729	24381
10090	2154	22827
4059	1739	9616
2460	1947	3639
8308	2364	24029
8328	2014	22186
25096	2154	21985
6280	2113	4462
10121	1947	98
4462	1625	6280
23917	2197	9896
8833	2000	5538
9179	2141	9179
21465	1447	21028
23895	2197	1158
4059	2156	285
8475	2451	9797
818	1937	1941
9855	2000	8836
776	1936	25186
1048	1947	2422
4053	1740	5744
3543	1397	21192
22817	1937	2355
1918	2185	24454
25179	2154	5470
5113	1963	6596
5242	2341	5489
22461	1430	4271
1478	2364	21545
24609	1963	8622
6887	2030	1514
8149	1439	21486
1393	2040	5223
4469	1607	3785
23171	2394	6742
7129	1582	25139
7920	2014	23395
23912	2155	21409
7116	1440	9399
22636	1545	663
10162	2000	23820
627	1947	2422
749	1582	9129
2104	2377	22839
6987	1686	9029
22665	2364	21268
4162	1947	9192
6278	1440	24008
908	2179	2285
4053	2252	4059
8581	1869	9587
2300	1790	22305
1994	1460	8600
24398	2040	8624
5600	1582	748
4872	1947	8359
4221	1729	24296
23157	2154	2008
4567	2364	7314
22504	1723	3946
2613	1947	9192
9398	2014	21742
24957	1740	24122
8938	1331	314
2511	1398	4634
2300	2165	22305
3639	2055	6753
5236	2185	1158
1439	1916	24555
8287	1963	262
3106	2354	9584
4059	2014	5744
4996	1856	22932
6003	1582	21846
6639	1947	2565
23180	1440	23180
4467	1937	4397
24449	1963	10151
2704	1947	22444
21192	2154	22378
3194	1963	21752
25130	1545	9203
4707	2364	8801
8919	1521	1113
25267	2043	3350
3646	2030	21540
22461	1309	1158
3940	2280	3940
6258	1947	172
24219	1521	22378
1337	2125	4029
294	2364	8155
5738	2014	2331
10206	1582	3567
8490	1894	21707
8328	2014	532
5467	1431	4213
1016	1961	7751
25066	2030	3706
9504	1440	25186
22603	1606	1690
98	2340	9719
7129	2341	21853
21522	1947	22444
6594	2154	23214
22117	2093	9255
9126	2042	24470
10461	1545	21557
206	2377	325
4257	1447	6902
2541	2115	325
2259	1521	1158
24073	1936	9790
9910	1506	5413
2688	2364	2062
23438	1947	1550
3527	1396	6886
25490	2341	560
893	1521	1158
22560	2154	23437
5745	1308	5745
1967	2154	7761
21853	2341	23217
582	1740	9488
9505	1963	21078
6565	2341	7977
6800	2022	8814
2613	1521	3350
686	1516	9064
6642	1947	8359
21577	2117	4439
3977	1397	3605
6695	1722	21742
4572	1521	3350
3788	1447	23504
22279	2428	6077
21577	2117	22939
22135	2160	21762
7739	1739	6367
8650	2184	9314
8729	2202	10146
4080	1940	24374
22507	2184	9700
8622	1516	24609
25450	1937	6112
9865	2113	25368
21726	2274	9248
8150	1397	1158
8719	2197	21123
7467	2447	21123
367	1603	6744
9235	1521	3350
4596	1963	24898
495	1786	9880
24500	2171	8919
6878	1937	23550
25495	1940	6976
6656	2341	5898
8247	1964	25412
22511	1739	4303
10062	2364	6920
9299	1740	532
7502	2341	23636
1887	1372	831
8884	1794	3611
5684	1509	24947
624	1545	6391
22374	2146	24339
10127	2364	9353
24273	1947	9192
21362	1559	4052
21005	1842	24922
5588	1521	1158
1123	1774	1491
22577	1483	6972
1711	1582	8573
6727	2449	6121
10090	2341	22827
10067	1937	3600
9875	1937	4397
23547	1516	21343
24093	1483	5703
22511	2014	23573
3524	1963	22860
1289	1704	21861
2367	1947	9192
22419	2447	1158
1868	1545	8855
22655	1740	25026
2536	1740	2272
8759	1521	1158
6870	1963	1922
9921	1738	7452
24245	2155	23030
2862	1947	24975
24441	1721	5502
9005	2014	24699
9225	1740	2351
23028	2449	23397
7851	2154	2696
138	2202	1158
24244	2449	4303
8301	2428	6077
8922	2340	8922
8814	1718	8855
5391	2154	596
24062	2094	24644
3527	1936	5097
5612	2030	6885
6391	2155	8751
22504	1521	1113
4119	2185	9714
21704	1914	7165
8554	2117	6886
23069	2030	893
4187	1936	9790
21046	1947	9679
24939	1545	2299
6453	1963	21103
9088	1729	7013
25198	1559	1828
1669	2154	24429
2849	2252	4059
1494	1309	3350
2090	1545	8225
4113	1590	4677
10127	1947	3639
22510	1947	6445
9697	1708	1502
1672	1314	908
22109	2364	2688
8800	1447	1808
25470	2185	6886
22635	2449	6330
8815	2359	9906
21444	2364	8233
508	1590	2285
21676	2062	728
22577	1740	6972
1598	1521	7242
3800	1440	25232
21706	1833	6596
24486	1686	2601
1669	1963	22159
9193	2081	8786
1086	2282	5394
23568	2449	6622
1750	1947	4433
23448	1947	8359
23217	1521	1113
820	1362	2336
8046	1464	1079
8187	1506	23829
1102	1963	24628
2850	2154	5724
1669	2117	21123
9084	1521	717
24062	1516	21580
9879	1582	23636
1077	2364	1816
21257	1704	2789
22932	2221	285
9777	2282	6629
4816	1516	23652
23168	1936	25316
8544	1947	22444
2030	1704	7247
23464	2449	8968
9064	1963	1395
4091	1733	21799
9008	1947	1550
21182	1488	4928
23290	1947	22444
1417	2364	24243
10243	1637	4029
5000	1704	22926
4440	1309	1158
5684	1509	9242
2090	1447	25245
2744	1946	9994
21563	1767	1098
22254	2008	9007
24539	2189	22975
6378	2221	285
22744	1376	3200
5346	2154	4207
24831	2373	4735
5984	2336	22487
22411	2154	2317
22444	2340	1830
6993	2030	24485
2401	1947	3639
3092	1372	4408
22558	1733	2285
6219	2072	5519
9379	2030	25295
7326	2364	3315
22411	2030	1556
25368	1447	2174
4822	2154	3102
4939	1869	2437
6266	2447	24665
8326	1684	24699
24740	1440	24740
6139	2184	9700
23889	1947	9192
5209	1506	4520
3300	1705	22193
1967	2449	24429
21486	1439	5310
1077	1947	9192
23873	2003	7129
10176	2341	4263
9236	1418	7639
2203	2209	24358
22756	2447	3100
5832	1582	1556
22504	1485	2418
4251	2364	2396
7704	2447	6971
8434	1440	8434
23607	1842	24365
682	1947	8411
7783	1729	851
8953	1521	6886
3544	1947	2422
10056	1947	1182
8152	2155	2156
23170	2449	5709
2565	2055	8411
23062	1625	24803
2287	1430	23963
4530	1447	3317
8502	2193	504
6626	2040	24312
515	1788	5592
10489	1476	22159
3873	1521	1158
21045	2364	8185
7578	1521	1158
24398	2155	7810
22446	2117	21123
8884	2373	24312
10241	1739	5173
25441	2341	304
3802	1345	4588
5510	1936	24029
6800	2022	1822
2688	2364	8233
6068	1460	7324
25073	1521	6886
22575	2185	23436
6925	2364	21449
5738	2117	22378
5674	2425	8600
1514	2043	4408
21568	1740	412
2015	1947	9192
6258	1704	7314
1086	2282	3042
2243	1947	8359
3076	1963	8285
10065	1521	5646
7077	1521	9715
4927	1397	22378
1967	1456	5738
6123	2134	22290
2624	1740	9488
8584	1722	9883
732	1704	22926
8188	1947	1550
303	1625	22068
1152	1397	22378
2226	1529	3640
4574	2394	22529
22010	1947	98
23857	1447	6802
9461	2202	7380
23471	1683	4213
21573	2449	9260
6271	1447	3514
21381	1740	9488
22240	1582	22997
23037	2040	25288
22408	1521	3668
21240	1309	365
23346	1521	9804
6838	2093	4439
4149	1740	21742
10210	1963	7332
24971	2428	1167
9353	1947	6753
180	2154	21853
24955	2155	8597
7171	2282	22010
7490	1740	3154
2054	2113	24022
8788	2193	504
4677	1443	8576
1344	1872	5794
2440	2340	1877
6726	1625	21384
508	1807	5157
2926	2252	21577
23945	2341	1621
6671	1740	3679
826	1740	3647
1832	2030	23217
4596	2449	402
24265	1947	3639
967	2185	9714
2789	2428	6077
565	1362	24046
5572	2341	5373
6671	1722	2446
22369	1545	519
24278	1947	9192
9826	2014	10180
3175	2341	6631
7667	2185	23731
9140	1794	3611
4898	1774	2512
8181	2202	1998
21235	2171	8919
3954	2406	6457
25481	2364	3081
5027	1704	8796
1869	1521	8423
22323	2040	10292
9064	1963	686
23501	2364	10047
748	1894	5600
23266	2117	1158
2614	1947	22444
23823	2341	25295
149	1894	6085
3311	1784	24418
22529	1376	21170
25151	1582	23636
5602	1545	4062
3729	2000	21844
23651	2363	24823
4035	1939	1264
6607	2030	8572
9484	1937	8012
6434	1947	3639
9712	1521	1158
7129	1582	23815
1113	1574	22937
25009	2154	21072
9762	1947	8359
3768	2010	7966
25009	2449	8752
8872	2447	1158
3488	1740	10198
23297	1405	8600
6949	2341	6
10151	1947	8359
9526	2055	3797
8574	2030	23214
8490	1894	5009
3873	1521	7632
354	2193	10379
21632	2364	968
24596	1376	8071
4588	1956	598
2282	2379	1562
23358	1947	8411
25050	1380	22112
23607	1842	6100
21543	1516	2153
9563	1521	1158
6946	1582	1556
8185	1937	1189
2347	2068	4437
23501	1937	1941
9177	1729	6851
3681	1582	7924
1184	1947	4512
9826	1739	8200
9236	1418	4511
7287	1625	5677
3742	1397	21192
23678	2040	9027
6617	2008	21830
8581	1360	6396
6902	2155	4257
5252	1963	21699
1989	2113	7139
9405	2341	8642
25481	2364	8602
754	1397	22378
4059	1739	24429
9950	2154	8541
3218	1582	8694
2285	1333	1152
23522	1580	3724
22047	1947	9192
21182	2316	2744
23946	2447	21192
869	1545	6251
23617	1332	3583
1346	1521	24916
3878	2030	8263
9242	1907	2517
1133	1740	8011
21498	2418	3714
5157	2160	22710
7162	2341	23392
6606	1947	9192
25295	2030	23823
24110	2030	5489
23680	2309	4213
6119	2247	10454
6237	1947	6445
1478	1309	365
24598	2423	22507
22399	1705	8208
10111	2364	3336
3714	2154	5519
8544	1947	6445
6761	1947	2422
2850	2449	21582
8255	2184	9700
9260	2449	23437
2638	1309	365
6736	1950	8270
7123	1947	6753
21577	1739	9756
9082	1521	8855
9405	1606	958
3853	1894	21498
21138	1956	598
9017	1729	24457
21545	1947	8359
8544	2364	22317
7279	2247	4246
24360	2202	1158
892	2030	22997
9377	2341	4075
10349	2092	10374
4209	1582	8787
5669	1517	5044
5646	2185	1158
1254	1956	2440
1719	1447	22871
7687	1740	5557
25096	1937	24045
21577	2014	3679
9599	1791	22378
9807	1740	5744
2512	2030	5170
9862	1521	1158
2624	1740	6972
21589	1774	22975
7485	1947	9192
1961	1951	23136
25179	1963	252
21099	1947	4512
23608	1758	6293
1166	2154	7936
5098	2160	6896
6112	1947	4433
8542	2040	2174
9514	1582	5470
3647	2154	24699
701	2109	4850
2109	2423	9797
22642	1947	2565
22663	1349	2226
4257	2113	21389
7630	1740	8455
22475	2093	10491
3289	1947	6028
23217	2030	21853
10349	1314	10374
5120	1894	3293
24453	1506	4598
2638	1440	7258
21340	1604	8938
4004	1963	22902
8811	1947	9192
3481	2341	3640
3481	2030	22080
3163	2377	22839
4496	2030	5725
6801	1521	1158
24740	1937	9437
5135	1947	9192
6211	2373	22615
9326	2449	2203
7761	2449	5166
21401	1545	25301
7903	1521	1113
7067	2341	2667
2302	2093	21265
9008	1947	9192
22573	1372	6396
25191	2000	9906
1016	1527	9584
1944	1947	1550
1832	1894	21853
3886	2208	7003
25235	2397	354
9901	1699	23133
5678	2154	4946
22807	1521	367
5847	1786	21491
3222	1521	1113
147	1336	22710
9750	1947	9192
6642	1947	1830
8754	1729	10451
2825	1447	3715
22446	1397	22378
23560	1521	22677
21365	2449	7112
4362	1582	5470
8796	1937	1941
7363	1521	7242
2909	2252	2691
23660	2014	23723
9401	2103	24805
1492	2449	7313
21054	1636	1845
22966	2423	9916
21540	1521	3350
1262	1683	4213
2120	1447	5506
10264	2221	285
2954	1937	4397
8642	2030	9405
10241	2014	22415
25266	1947	2422
2410	1947	8411
5674	1600	8600
21389	1545	4257
25150	2379	21506
4152	1376	4986
5038	2185	1158
25051	1506	4174
2168	1521	5709
24347	2341	8953
9762	1947	8411
9826	2014	6458
160	2155	6211
21293	1963	983
3310	2027	21202
24971	2364	21442
21918	1947	6753
5738	1303	23207
25452	1521	21123
919	1833	6596
24093	1740	3647
4897	2185	9278
8558	2154	3598
4741	1740	9488
5343	1936	25316
5096	1355	24919
6885	1894	3282
9007	2008	21707
8942	1963	6466
244	2154	1144
24955	2040	1428
24948	1456	8608
4221	1729	9177
977	1686	2192
1837	1499	24045
2684	1704	25215
5119	2364	6920
4110	1355	8224
23565	1963	24051
23991	1947	8411
7017	2008	6343
23221	2364	22169
22399	1521	21192
4519	2221	285
23164	1355	24919
4741	1521	24069
4416	2030	3874
5374	1521	24922
22283	2155	21028
6324	2019	9963
4694	1936	4567
8694	2030	1620
1754	1858	4764
9241	1947	6445
9517	2247	4246
2744	1894	21182
21350	1937	1941
24745	1937	2201
5951	1430	8940
7077	1582	6993
7150	1521	1113
9745	1309	6886
3338	1447	1868
139	1947	8359
6947	1362	565
2853	1439	7357
5152	2185	1158
3175	1606	4986
23133	1894	22872
3873	2202	7632
4149	1740	9883
6653	2447	21288
2297	1947	4512
1460	1947	6445
1929	2154	9046
1832	1521	1113
22354	1572	23839
5573	2449	8200
7946	2373	9151
8602	1947	98
25245	2373	1752
24393	1740	10198
2908	1947	8934
21080	1947	9192
5344	2202	1158
706	1684	2272
8187	1947	6445
736	1784	24808
4179	2154	23636
25441	1325	2917
7936	2449	1166
1325	1638	9261
70	2058	9835
6975	1521	3350
1052	1833	23826
24321	2341	2685
6925	2364	24029
3855	2341	2623
21364	1854	6487
22726	2019	21434
3946	2202	1113
8953	1508	22017
5374	2447	24922
8913	1947	9192
4751	2367	24140
8028	1786	6513
10199	1947	9192
4062	1447	21578
6082	2154	23408
4568	1625	22324
9587	2341	2251
6396	1831	24958
8919	2202	1113
664	1733	3543
23763	1787	1158
22827	1582	5470
3329	1372	5526
23074	1807	9281
24805	1559	5275
4174	1947	1830
7704	1686	9058
3946	2202	4084
3524	1963	1957
8019	2373	24588
21024	2341	24485
23660	1476	22159
461	2040	22919
6858	2379	23137
5738	2014	24648
2515	1947	1550
3641	2364	23883
2015	1947	1550
9558	1947	6445
24698	2373	22088
22379	1963	7120
6737	1396	21123
5352	2179	2285
23610	1358	2711
763	1784	9849
4663	1506	23652
648	1439	9683
5724	2154	9446
22500	1836	877
19	2154	8574
6853	1841	7520
9986	1963	9797
765	2000	8010
23187	1439	7179
2924	1408	3052
24071	1774	7502
1651	1684	22475
1158	2135	8371
7485	2263	326
23518	2154	9235
8380	1842	3605
8388	2154	3891
21390	1947	6028
25450	1947	4433
7162	2154	23392
1519	1309	1158
22962	1698	1933
23907	1355	7834
8508	2022	6767
10078	2341	9632
21875	2113	8394
25362	2364	24740
5155	1915	22232
21717	2030	9235
5495	1963	767
5344	1582	1869
22071	1787	1158
10019	2301	8371
5222	1894	21707
21284	1787	24390
21707	2030	5009
21577	2156	285
23162	1947	9192
7159	1947	9192
24492	2341	5426
5510	1396	21123
5113	1325	6596
1428	1439	24955
