20494	658	13244
36277	121	16866
15624	932	35337
12847	996	37189
18655	205	10794
13082	498	14213
35827	932	14933
16568	490	17824
36371	195	14045
38280	973	38028
20150	209	38694
15709	932	19692
19735	630	13012
11606	473	12316
13647	121	16866
15989	1205	35625
19989	630	12244
15434	146	35379
15843	907	16283
14215	766	12487
11718	1163	12328
20676	1205	14763
20989	976	36013
12345	577	11598
15253	551	15056
16121	121	16866
14074	932	19692
18510	1041	39250
35829	227	35206
11475	1106	37339
11340	498	12785
14477	872	14105
19434	575	14933
14143	350	20401
36932	932	14139
19259	681	19988
35230	630	13012
12873	195	38295
19230	1125	14721
16914	209	20383
17094	94	35787
18741	273	16851
11994	932	19692
10854	613	20879
37184	785	14734
36384	473	19616
15508	746	11644
17142	932	35337
18558	382	13554
19219	1019	36990
35373	1080	12441
14100	1160	12678
12543	191	12595
15533	1127	19232
19741	932	35337
10969	442	13875
36283	238	38614
13129	1205	17925
12198	242	10738
19792	1214	11658
38597	522	18960
39074	240	36584
13350	382	14769
35548	862	12590
15056	1109	10835
19301	950	15207
37342	992	19100
36000	1127	20163
17156	560	16280
13855	229	19709
20385	529	14503
15446	382	35551
16783	932	19692
14378	1205	36815
19032	907	18150
38512	574	39343
37394	1080	12441
18888	1109	13807
39297	80	35379
14651	932	19692
36075	552	38790
20765	628	14591
11821	9	18113
15270	872	11658
36830	1205	14269
35492	458	17386
36327	382	36314
18687	932	19692
14597	458	16719
18805	195	14045
36633	932	19692
14314	218	16529
20594	209	20355
36976	1176	10825
18700	1205	20780
18574	1106	16200
39250	1159	19755
35162	657	14430
16073	495	36187
18334	365	17407
16730	227	35461
15371	932	16945
36352	382	12109
15019	794	36174
10536	288	20297
20609	552	20679
13641	552	13641
17513	969	14462
18118	932	14933
15500	932	16945
11616	1284	17472
12215	1106	15177
17225	932	14139
19924	746	15052
19736	700	36710
16777	473	11577
18438	195	38388
16487	932	17253
17403	273	17546
12026	397	18965
17402	729	35960
13167	382	17567
12279	1184	35379
11586	758	15894
11766	445	38185
19962	932	14297
36480	932	14139
12262	932	14933
19120	468	19507
15486	1205	13675
36894	376	10647
19574	324	15612
12237	932	16945
37764	1052	13417
38360	205	18898
13348	1229	17404
36247	613	36608
15133	588	35833
36608	1122	36247
36383	1109	18770
12264	1080	14897
19186	1115	16945
17055	458	18513
15322	1205	13602
20264	80	11613
38697	227	36456
36702	382	15874
11318	1080	12441
16621	1205	16567
14187	657	19265
14721	195	37070
13751	938	17386
11140	205	20556
16751	273	36920
11676	80	35379
20765	220	11652
12414	38	20416
16088	195	19311
38528	382	14098
12443	458	10865
11276	473	20004
36864	630	38304
12668	247	20698
14192	932	10637
16875	552	12873
36735	841	16717
11183	938	10633
39102	355	14440
10963	527	14525
18066	1127	17001
12482	1242	15123
36228	1124	36964
36187	209	20383
19524	969	18438
36616	862	20969
17173	227	12345
14141	385	10865
13823	195	19507
16758	240	15067
16758	932	16528
11216	932	14139
39169	729	20709
37861	1080	11658
11499	1051	15911
14096	191	12595
37457	932	19692
38566	1159	38319
36202	932	19692
11477	198	12692
16224	382	13350
17860	238	11428
36085	620	19748
15467	932	14933
19183	1274	14490
11102	932	16528
38756	589	20463
35312	932	19692
12234	932	19692
13910	831	14782
12162	932	11682
15300	1211	35833
13839	385	14093
37607	729	37403
16175	932	16945
11206	497	12772
18686	520	13276
12135	232	35337
14437	254	18016
13829	772	13044
38152	503	35379
12477	1088	20406
39382	1080	13565
10568	421	37184
39547	657	20293
12051	862	20979
36056	938	13850
38552	364	20723
11228	1030	38485
36202	907	20146
35154	351	36862
35395	376	17652
15398	994	36710
20772	117	37771
20085	435	20463
12609	382	12109
16650	932	14933
13481	476	36533
36439	1210	10697
15480	520	10865
38337	932	19692
35578	377	20401
19940	932	14297
38943	435	17948
13627	552	15072
35572	932	14933
15194	473	17814
36352	1074	20297
11202	232	19422
16600	80	35379
20385	1118	11098
20174	574	17747
10898	862	35731
35645	932	19434
20379	1205	39168
15177	645	35365
39489	350	38328
12665	121	16866
17402	862	14757
18976	264	35633
14015	794	15369
17952	234	11552
15889	628	15177
19419	190	39019
19946	1205	37991
38735	932	19692
11917	205	35600
36381	849	17911
20743	632	14529
14224	1272	39464
20256	382	17391
37929	241	17386
36629	247	12772
35753	976	35682
35596	382	35906
35906	94	15031
36638	862	18519
20054	519	35213
16178	1205	15446
37287	473	17900
36277	817	35287
35892	500	17337
11399	907	14498
14378	752	11217
20406	1166	19315
11768	1205	13722
17840	635	20765
15721	1160	35285
19629	1205	20486
14551	273	11168
35600	932	14139
12368	273	19355
18782	932	15012
12299	973	38315
35261	165	11296
38510	268	20202
18724	247	37720
37972	382	35330
19032	932	18917
20561	932	19692
19353	1165	37787
19899	932	14933
16945	924	35337
11392	121	16866
13036	247	12772
16773	520	13850
38768	195	20951
35827	205	35846
37613	932	12922
19797	209	36487
35714	123	35379
15322	1205	15322
20375	932	12922
36417	932	19692
17430	205	36584
18366	1205	18332
19104	662	12856
17683	121	16866
35185	209	36350
11917	1080	19054
11200	273	35249
17139	932	13065
37342	1056	19100
39393	463	10785
35517	551	15056
38447	324	15266
10872	247	35164
35176	932	14933
35817	382	35246
12673	238	11939
10532	1054	16878
39535	369	15536
11392	817	36681
16831	266	35285
17475	817	36681
35287	382	36881
13123	1205	14355
36942	657	12436
10700	435	11143
11458	315	19905
36174	516	12089
10813	382	15110
19736	708	15011
35984	220	15889
37964	940	37380
10516	1205	18850
18056	1074	16567
15415	1149	37471
12121	382	36415
17530	206	14584
37037	1080	12441
12287	613	36608
11232	473	35384
16050	932	14139
10749	1074	20297
36357	630	12239
17122	382	35383
12542	911	17096
11644	746	10744
15133	588	18434
36555	1080	35356
37210	630	17629
35831	266	35285
17671	1109	11852
36777	238	13012
37855	552	14771
38926	473	20900
19505	21	20970
15683	1122	38615
18724	247	35823
38849	273	17531
37389	932	12922
35741	923	20863
37073	382	17462
37210	382	17629
13454	932	12922
12490	1109	14953
11719	762	13655
14687	657	13927
10951	932	19692
35960	862	35961
11719	932	19692
11377	1029	13044
16186	463	18466
17001	520	10865
12782	391	12062
13815	205	18766
16987	497	37945
12002	422	17213
20529	273	20784
12873	205	16875
19054	226	11917
19522	421	17190
38194	44	35379
18852	1284	13867
15446	445	18711
16217	195	36087
12839	292	38097
13655	932	19692
19792	1016	39125
18339	448	18339
38044	473	12316
19478	926	19247
35434	255	14543
36696	1131	15493
12278	96	11613
38086	196	37842
11928	421	19097
15934	473	11994
39200	907	39547
38673	1159	17319
36087	932	18911
35262	923	11320
16801	1163	10969
14529	1149	15115
16748	247	16246
39343	195	12316
14963	205	35834
13298	382	11297
11216	458	17386
11613	106	17530
17712	209	20680
20951	969	19588
11558	973	37497
18486	456	20595
18099	247	20698
11219	810	14713
36041	121	20401
17769	435	15652
19258	613	15780
36794	1240	17758
13129	1109	20084
17351	969	19677
13409	247	18511
35902	1054	20285
14584	531	17629
19044	932	35337
14388	209	18783
20412	1028	16398
13987	932	19692
15467	932	19434
15371	473	35242
15420	1001	35258
17825	211	19286
13313	908	18446
11249	121	18871
18336	1281	36805
20543	729	35208
36294	305	17228
36710	608	36735
19735	319	16866
11714	382	14519
14709	254	18016
35464	382	19591
11666	1205	18436
36563	1160	13211
19564	1030	18560
18339	762	38926
17122	658	35177
14649	926	13209
15273	625	20978
11890	932	16528
17833	421	37914
19692	232	16528
13817	862	15030
12797	932	15012
12878	247	14179
20590	1205	36881
38768	195	17351
35373	552	13273
19101	932	12050
16348	435	11466
15904	932	19692
37189	459	14591
38293	473	19296
16875	932	12922
35176	932	12922
39185	458	13850
16870	1015	17228
36670	544	38436
36376	1109	18770
13636	973	20792
38198	458	10865
35908	80	11613
15653	255	36740
13552	298	13850
16647	862	16924
16958	1159	13522
13265	1080	14897
39405	435	36725
35393	729	36880
39393	1166	14938
15737	1080	12441
17068	932	19692
36954	690	12239
15168	382	15212
37903	695	14440
13581	552	39105
18711	1205	35551
20420	923	36284
36429	932	14139
19194	382	12120
38173	205	35492
14086	366	16003
13797	895	38511
16108	1127	10815
39215	932	16945
39429	762	37981
13422	1205	17493
38611	762	15138
10662	1080	14897
38154	785	38609
16102	273	14562
12530	473	17747
16632	205	17937
19959	1205	35319
18539	422	13973
12151	247	35978
14273	932	35337
17034	435	35976
38905	520	17386
20383	209	36187
13288	1127	19362
17948	435	38943
16019	1211	36471
19420	763	17314
36141	266	17386
13372	907	36061
14201	1080	35356
10519	817	12056
35829	227	35636
20519	1053	16608
13872	458	35181
35230	630	15670
36921	5	35461
19183	1274	14525
11163	729	36920
11008	220	12785
13797	348	14446
35962	817	17107
36008	647	35786
17623	932	14139
13044	613	11377
35761	817	36179
13391	172	38615
18366	1205	19798
11082	681	19988
19393	849	16174
36228	1214	11079
14585	630	12332
14695	932	12922
14136	500	15808
39370	994	20437
13036	365	14489
14926	746	36708
17513	969	19588
15635	473	35167
38308	342	12466
36112	552	13872
19790	932	19692
16395	435	39400
37808	637	38445
11749	932	19692
11470	2	16158
35246	1109	10752
12712	815	14618
20202	266	19355
14316	932	14139
36087	195	11573
10662	458	20713
35130	932	19692
19156	254	19529
16621	1205	16772
38190	1053	35154
12995	658	12239
35373	552	12101
19924	588	36901
16777	932	19692
19654	932	11682
37298	397	11989
17969	932	19692
35307	382	35551
37224	1163	16966
18826	926	36710
19465	421	36000
19329	421	13966
18725	729	12590
14695	552	11548
19999	932	19692
38585	927	19264
37895	273	37954
35338	932	19692
38172	384	35981
11426	435	37277
35823	1159	20214
16700	458	10865
17378	1080	35356
14967	1298	14967
19459	195	35659
12707	227	12605
15624	932	12330
12099	932	19692
12308	862	19300
20464	152	37695
17467	851	18466
14523	932	19692
35903	106	11167
18558	746	13554
15138	907	38611
16860	1030	20019
16002	613	37809
14368	240	38101
20379	382	14679
18632	932	18917
36800	721	12337
37451	315	11419
15446	382	19760
18867	421	35960
14553	926	16564
35143	950	35143
17616	932	14933
15207	385	35285
38778	324	13811
15178	729	18983
20933	969	20017
19074	1205	35906
16244	209	14388
15713	817	37266
20383	209	16914
10505	932	14933
37224	382	36954
35730	1080	35356
35599	195	16843
36579	456	35379
38326	441	11556
20951	969	39108
19072	1205	17107
38864	831	18708
14302	849	15088
11837	217	14213
15389	932	19692
35260	729	15235
38794	1080	37033
12639	892	10865
12543	191	15948
20952	255	14543
39133	17	17386
10660	862	16711
16014	815	12712
35177	1109	37141
15419	932	19692
39168	1109	16866
17055	932	10637
18815	1205	15133
15889	930	19076
20699	932	19692
15031	630	13012
11080	1025	17386
19976	1205	19989
11304	729	20183
39343	195	13627
16076	657	35657
36022	1030	13694
14281	195	16778
12529	232	18416
14803	589	14366
14435	838	36281
35599	195	19524
12941	785	36478
12101	205	35453
12362	932	19692
37037	458	10934
16336	613	36608
14552	358	15529
17902	630	14916
37670	932	10637
38375	179	35379
16288	611	18257
38662	324	14977
16288	1255	10647
35453	552	35372
36668	1109	14435
18651	80	35379
10885	435	16348
16711	729	38219
36459	458	10934
36402	932	19692
38207	791	15670
19838	241	17386
19102	552	39105
11975	534	35285
13675	1205	17131
38615	613	20879
17253	924	17253
18546	220	12785
20640	862	36147
35208	729	36501
12668	247	19988
36017	1205	18214
39063	932	16945
16885	932	12922
11164	942	35365
11710	635	37339
38925	1281	13315
37273	1184	35379
18662	382	37862
11994	552	14441
13721	1109	16783
12322	667	17300
13167	746	17567
11873	932	19434
17937	205	35228
12542	791	13700
19081	531	20087
11157	762	38172
11219	546	15411
16348	435	39590
16217	1080	35356
17950	498	35365
35960	397	18867
37045	932	14933
17952	791	20574
38167	1205	18115
11873	205	10806
36098	209	15162
39110	473	13289
11232	907	35730
39186	907	37781
19120	627	35181
11161	247	11166
17616	932	12922
10955	672	17386
20519	605	16585
38790	932	19692
16076	240	13143
11860	273	13061
16851	273	16006
11886	12	37842
36543	382	36542
13838	785	12368
20450	1109	38097
14219	468	35659
18436	382	11666
11499	1051	10934
18342	267	13289
18842	932	18917
37954	729	37895
20335	327	14584
18459	463	18466
14514	862	35643
12934	973	20961
39560	631	13248
10638	1074	20297
17625	382	10813
15134	205	17900
18148	613	11004
11586	932	19692
37033	1160	17386
35495	762	20794
38103	1074	14876
12991	247	17743
13615	969	18438
19060	1016	39560
35143	932	12922
14327	932	19434
35743	209	20105
36346	1205	11478
20406	1218	11032
12210	862	12435
10772	382	15322
12919	1080	14897
39511	227	38848
18994	1074	38328
10661	853	35687
11513	1016	11015
18826	1109	19505
37997	657	36434
10885	435	18975
37041	700	16421
36187	209	35896
15015	746	19924
35920	382	18115
14297	924	20026
35285	938	14969
20410	473	12316
20594	209	11005
10680	1205	37210
13369	618	19691
11749	240	14771
16849	932	35337
18888	1205	35842
20784	273	37497
36740	1181	12332
37787	1028	19353
16666	1127	36496
13012	234	38207
35915	382	15446
35572	932	19434
13410	973	12835
14739	785	35671
11263	324	13781
37325	1080	16612
18747	762	19122
16882	498	38083
18571	234	39234
14408	435	18152
36463	1122	10854
14417	209	19184
16441	940	37900
37701	1007	13810
38791	785	11342
19640	862	36485
37069	969	17351
14213	220	19571
18859	232	16945
17096	778	11428
38790	205	36075
35515	254	18708
12719	1241	19665
10566	940	18266
36576	862	13817
14529	498	11652
35177	382	13167
36222	729	15455
10645	932	14297
14659	574	36584
20232	1126	10825
16867	717	20731
20653	1074	35148
38055	677	19438
11954	421	37895
35507	220	12785
18591	923	17520
13286	209	13424
36037	827	36965
14956	391	16719
19074	1205	17615
17779	1222	14746
10772	1205	13602
11564	932	19692
19195	206	35285
17493	382	17107
37407	1240	15134
10865	124	11478
12239	690	36357
14976	1106	11652
20863	923	17447
19826	255	14543
12674	973	19042
19966	473	37389
19054	932	16945
19677	195	11170
35941	255	36740
16184	191	36510
16582	1205	20590
18771	209	19415
20019	762	16860
14812	474	16839
35279	531	14916
16033	1205	14398
14327	932	14933
14301	736	17386
13615	969	14986
15090	932	14139
17907	435	37380
15889	1149	15177
36880	1127	35394
36093	152	10865
13576	473	12316
36916	1205	37589
37877	785	37319
38132	473	35339
19483	473	12316
13448	121	16866
37273	1255	14242
17937	552	37532
14721	195	19677
20494	588	37437
17129	932	20179
17108	348	11970
11296	531	36213
11346	932	35337
35181	320	12557
12490	1109	35778
17761	1115	19692
14327	932	10637
13854	762	13184
17546	862	15897
11209	1149	38083
19946	382	16224
17857	1127	13353
14673	80	35379
38854	373	19749
35730	762	11232
36082	662	38446
12316	195	36504
13298	382	14880
11124	273	16891
36237	932	19692
12436	932	16945
11682	232	12330
16430	473	20004
12422	657	17370
36346	1205	13779
10761	1080	15721
14591	1149	11652
20409	973	18310
14278	729	14514
14590	1074	35148
37358	932	19692
10998	932	16945
10540	1229	12690
19372	1205	35920
14045	969	18805
36289	1284	39422
15419	240	35161
17530	746	17863
18167	936	35900
36925	473	35242
17758	932	19692
17998	456	35379
20321	1080	35356
19588	969	38917
18056	382	20054
20859	1030	16860
16452	209	18718
35365	220	14043
36885	232	35337
15277	273	17126
18867	862	17402
36222	785	17403
18486	106	37647
15031	94	36277
12690	416	17706
35747	932	19692
13313	908	35211
18482	574	11792
11219	1005	14713
15116	273	11021
35645	552	11873
36964	1124	36228
20565	247	36092
35895	384	18104
12584	435	15538
17142	240	35100
17351	969	14045
17126	862	38315
18744	473	20291
13409	247	35902
36086	382	13123
11843	397	38609
13735	473	12316
37193	932	19692
19940	205	38745
37977	1074	35148
16860	907	20019
15926	382	36668
11678	324	38666
16953	1109	37981
18755	1110	20200
35246	121	16866
16567	1018	20297
38782	1212	15736
20590	94	15031
14194	613	11004
37235	397	37236
35345	247	20698
18174	422	13829
36193	209	14388
10806	950	11873
17950	217	36562
11710	645	18574
19256	1084	37469
20565	681	36092
20777	864	18110
17366	862	17063
15998	932	14933
12752	1205	14181
38508	613	18402
15496	1166	36780
20165	497	11032
37527	932	14139
14613	220	15177
37747	973	37443
11946	152	11217
13394	209	36350
11401	435	17308
35461	608	20431
38990	785	17302
14420	932	16945
38064	926	36710
18247	932	19692
20413	182	14713
12417	121	16866
38356	907	16777
16488	785	35643
36059	932	19692
38471	1205	13863
14707	1109	13807
16010	240	35167
20679	932	19692
18697	574	38582
10568	862	19384
19175	152	16719
12332	382	37210
20376	205	19391
37846	1125	35724
38068	288	20297
20640	862	36146
15676	1088	20406
38622	932	16945
17034	435	36725
37945	209	36187
13592	613	14240
13166	729	19713
14734	729	17126
14910	195	37855
37437	382	20494
35209	196	37842
18509	1074	35148
12330	232	11682
20529	729	35394
11623	994	13481
12135	232	12330
14555	1205	19530
12604	430	36976
17947	147	20194
37970	691	20172
12316	301	39212
35461	169	16004
14105	422	15264
16885	932	14933
12322	666	39129
17253	924	14139
18510	1104	37386
12799	520	10865
13811	324	38778
36439	209	16244
39061	520	11217
35548	729	12252
14610	1298	18724
15440	1152	18764
12498	435	18376
18563	247	35823
37456	1080	15427
35505	382	14206
18685	932	18911
16384	1211	36471
38528	382	35585
15434	146	19355
20337	863	10796
16758	382	11577
36213	238	36283
35821	218	18961
37085	630	13012
20375	1080	35894
14591	628	11652
10519	1205	19074
17493	382	35573
13675	382	15486
18493	862	35209
12467	1284	16238
13114	932	16945
14090	554	20951
17667	574	19211
37045	1080	12441
35166	729	35759
16244	209	20715
12249	348	11970
18225	657	19759
38455	932	11682
35773	205	15153
39200	657	20293
36925	932	16945
11164	217	20283
16860	1109	39429
37965	1088	19315
17402	421	35961
18924	205	16778
39590	435	11466
35840	932	10637
10649	1018	35148
19175	152	35123
19413	932	19692
19438	1296	38055
39170	977	16608
18254	382	10772
15133	198	13101
37595	115	14413
36383	1205	15564
11666	1175	18436
17236	1109	13096
38512	473	37331
37252	1054	20924
38315	1127	12299
35742	932	10637
11426	435	14619
37193	473	12316
39105	205	19102
19619	976	35682
12942	932	19692
17802	260	19619
11331	80	35379
17034	435	37676
39170	1258	35148
15446	1205	35307
12922	575	20026
15527	1080	12441
17787	397	16177
15510	445	15510
11285	1080	38845
20070	78	16568
15657	628	11475
11506	1080	19962
35684	209	14388
14932	247	35902
19311	195	35167
36526	700	15666
35551	1205	18711
12836	923	17447
12942	762	14935
10647	459	11475
37090	785	18350
13464	862	11567
14046	932	14139
35338	473	35339
11506	932	14297
13212	677	16781
20555	862	12898
19076	459	35365
17671	1030	20293
17554	205	18263
39374	435	18964
13263	192	37768
13069	387	11598
17743	209	16914
18955	1159	12421
36092	1088	20488
19286	257	20214
14285	938	13850
37487	544	36670
15444	1118	12940
11021	397	12252
13501	144	16478
37637	240	35161
20951	969	19677
10662	950	17220
11516	382	18251
10884	932	16945
38319	488	20975
20089	421	19355
39581	862	11342
38875	458	35285
12467	1109	36013
37506	1205	12508
13124	247	35823
17623	932	17253
36850	4	38576
12724	218	12249
16730	74	20442
17061	205	11322
14763	1205	17317
36625	862	14754
10661	853	11629
20653	382	12369
20745	950	15910
39105	205	13581
16238	976	36013
19442	1109	11267
12268	932	12050
19184	1210	19892
14642	1080	35356
12802	1054	20043
11234	382	15133
12678	520	39285
16758	473	17814
11305	240	35834
14408	260	36092
11209	628	38083
14823	630	20087
36659	729	36496
37210	382	10680
16515	932	19692
11978	932	13065
20376	932	11682
38784	473	18632
37279	791	11939
19552	1125	35659
18681	630	20421
20406	794	20488
16478	1074	17287
36146	540	17386
11962	524	20810
19703	421	37607
14721	195	20951
35606	766	13850
11127	458	18513
19296	932	12922
18934	458	35285
14575	382	19877
38293	284	19330
16541	863	12328
14024	1109	39103
18718	209	11005
11019	729	35606
17415	1205	10772
13824	588	19924
16987	247	37945
15788	191	16781
36132	480	20595
12847	930	11579
37002	681	37965
16751	973	11369
35287	817	15970
19177	932	16945
18867	766	12542
19677	195	19230
15056	1109	39401
20008	65	14575
19429	899	36921
38797	315	35930
19466	27	19131
17787	421	37877
14822	266	11217
38670	1037	18771
20441	729	35470
10626	1122	10626
15944	473	35167
11476	473	37855
19937	932	10637
17337	1194	35892
11691	1258	20297
19711	554	19507
35625	382	17960
19076	335	15670
20335	482	10570
35167	932	19692
17351	195	37069
14562	421	16102
12333	382	13986
12256	121	14543
15322	382	15322
19372	1074	20297
36202	240	17761
15251	421	36320
37101	657	19674
15910	932	19692
19283	574	15619
39080	205	14698
38319	143	39214
13518	588	14016
35600	552	11917
20562	932	18911
17751	531	17487
19275	577	11598
18266	940	35347
35742	1080	10545
13082	501	14363
19466	746	19891
13090	907	11157
18492	463	10785
11254	1160	35285
14353	630	36346
15031	630	15670
35659	747	18708
20297	1053	16567
38943	1127	17948
12498	435	39356
38250	169	12492
17741	1121	35379
38151	635	19571
36322	757	13293
11579	1153	38983
20450	382	18254
36187	209	18783
19778	320	17240
16551	657	12549
18056	1205	36851
19420	545	17314
35625	382	15989
20009	435	37380
36322	614	13293
16488	1127	17302
19871	932	19692
12598	872	35285
19891	588	14519
20976	1265	18599
14910	932	19692
15657	1255	38983
16321	27	11234
13878	772	14194
19252	1074	10752
37254	537	38855
16777	657	19821
19621	1118	11098
15019	463	10785
39180	315	36317
19629	630	20421
10939	205	15779
36306	382	36587
11995	862	13582
36172	657	37285
36350	209	35185
35242	932	18911
36070	445	35915
38848	754	39510
10724	205	35373
10662	458	13850
14018	195	20981
17743	209	15565
12647	1109	19150
12151	497	36662
12349	1080	15721
15582	459	18574
36070	1205	36806
13781	324	11263
36193	209	16452
11643	473	19616
35470	273	20441
36501	273	35208
13272	74	12002
37960	853	11629
14932	247	18511
13678	1088	20406
36471	630	36346
18411	729	39408
17344	932	19692
36562	376	18083
12461	653	13973
13602	382	18850
11254	932	14139
15518	1109	18770
36277	817	19735
35903	422	17407
20821	994	19737
39268	932	19692
16981	752	35206
38929	371	14552
37497	1127	11558
16258	904	15275
19524	969	35599
15677	227	39564
36668	121	14435
38619	851	18466
38926	932	16945
14983	324	14977
17227	1205	20297
36183	747	12697
35354	1205	20141
39161	1080	38845
10637	502	13547
12316	195	12641
35383	1109	18770
38545	544	17242
20202	884	14446
18850	1205	13602
38466	762	11719
17107	1205	17493
11320	923	12836
12576	473	36075
13756	342	37937
19716	932	12922
36283	315	36213
17108	895	12724
20215	106	17107
18002	1109	16294
14214	1205	16019
36442	1074	12726
11754	1118	12940
14698	195	19311
18859	924	18416
11305	473	20004
19588	195	11170
20792	1127	13636
37301	1080	14811
36327	705	36328
16778	552	18924
17531	973	10815
15905	932	19692
36306	121	16866
17857	397	17531
36346	382	13895
10520	498	11579
18766	932	19692
11579	369	15536
38493	350	20401
20234	382	14413
19924	746	13824
10598	924	11682
13407	220	15536
13810	520	39213
36485	785	19640
37637	762	11999
19231	209	10532
15565	1088	36051
12831	1054	20924
14771	205	37428
37394	1080	19937
37224	382	36702
16451	932	12922
17795	1127	15116
16076	932	19692
10752	1101	35246
16958	209	36098
20567	932	14139
11392	382	36681
18477	817	17493
15518	1109	13096
12244	382	19976
14398	1205	16033
39503	613	20823
17568	642	38619
19961	932	19692
20036	932	16945
12316	552	11577
15808	1194	14136
19296	1080	12441
12759	1074	35148
13266	373	17781
18342	574	36584
19398	1205	16643
37394	932	10637
35634	827	35379
35572	932	12922
37471	1149	17593
15908	1288	15908
39017	1109	19966
18725	973	35548
16033	121	16866
16938	531	38439
13625	205	36984
15163	762	15316
16082	247	36092
19988	670	35792
39063	205	11994
12443	1298	12443
11008	996	15657
15846	382	20975
11342	862	38791
19014	1080	38845
18546	217	11579
14542	774	20214
14019	240	20621
20971	473	35384
14971	430	10825
15300	1211	15133
18815	1161	38078
20105	209	36187
15163	657	38180
12147	365	14489
37381	215	37468
37589	89	11863
16960	121	37199
36051	516	37291
37086	1205	13538
17120	996	14613
19362	421	14784
13138	932	19692
35636	1281	12418
39464	1272	14224
16773	387	14969
35999	950	12262
20033	551	15056
13981	588	14140
20866	459	14976
19478	247	16057
20571	205	13204
14850	932	19692
12172	1255	14937
12835	273	13410
19442	1109	16966
12785	1106	11652
35920	382	19372
18239	700	10968
37961	932	35337
19390	121	16866
14377	376	37011
15322	445	10772
35659	969	14294
20621	932	16945
37069	969	19517
19645	500	20846
18016	931	35469
18002	121	16294
18591	923	18796
17404	1229	13348
16424	954	19186
13678	1159	11143
11789	657	35338
35915	445	36070
38307	932	35337
16304	121	18871
19840	74	35279
15187	205	16451
36653	1080	38845
36880	862	14288
36823	630	17629
18775	932	19692
12330	924	11682
17505	657	12653
15809	227	12345
14209	209	11005
36272	1054	16878
37443	1127	37747
19086	907	11085
15557	766	11402
37210	1205	36058
19054	1160	17386
19748	435	12201
35892	1194	38012
14454	1243	16957
11718	1014	18686
20900	932	16945
12252	785	20784
37900	940	37703
38144	969	17083
36248	1080	14811
38456	1088	19315
36061	762	13372
15446	1205	36070
36654	908	35887
19736	708	14220
19372	382	35920
35894	932	12922
19466	382	19891
12068	1205	19720
37372	324	38778
15940	932	14139
35527	209	17712
12549	1030	36417
13988	247	35978
38971	1000	19355
18610	205	19153
12250	932	14933
16914	1159	13209
14622	932	18911
38576	190	12800
16515	907	37101
15564	1109	18770
35731	973	15810
11304	421	11148
14559	976	36013
15134	932	19692
35347	940	18266
15913	473	12316
37331	205	39343
35161	932	19692
10633	192	37768
14591	1090	35230
19967	247	19184
38478	268	17108
16177	421	17787
37615	1080	37527
18083	1184	35379
37865	932	14139
15476	273	12898
36516	1284	20383
35978	1088	20406
12020	932	19692
39067	1080	38845
20578	1211	36471
20571	932	16945
12624	273	15921
35286	1160	13850
12262	205	35176
36668	1205	15926
18310	273	19124
18975	435	36547
11172	877	35395
10961	1127	36501
38611	1080	35356
19736	700	35857
20383	209	36667
17227	1074	20297
17742	544	11613
37319	785	37248
13385	551	15056
16621	1205	17227
37165	932	19692
18173	458	10865
39230	932	19692
35424	819	15136
14043	1184	35379
11164	1255	35365
14388	209	35684
12437	12	17386
14568	205	11978
10867	544	35379
15019	516	12089
35652	932	16945
37846	554	17351
36054	613	20823
18307	397	14635
11544	613	18402
15545	589	36800
11873	932	16945
11995	973	12934
10988	209	18679
35424	384	16252
14297	925	13850
15092	932	19692
38188	1127	19527
37775	932	19692
11172	1149	15348
36861	1205	13859
15258	473	36075
16209	435	11466
16200	1090	12665
11714	746	14519
14618	662	12712
14338	397	14288
37037	1080	19962
35130	473	12316
14504	1109	36122
19131	27	19466
35469	106	20758
20738	1205	16772
18589	757	39102
20312	630	14900
16449	932	19692
39389	369	11253
15008	397	14939
13143	441	16577
14585	630	37210
20874	217	15177
14140	630	19877
16730	227	20442
11392	1205	36681
14888	684	37779
15897	785	17546
12557	938	35181
37549	421	10961
38160	247	37965
35469	422	13973
16004	1160	35461
36053	1054	18510
19773	552	38582
14386	382	17503
15455	273	36222
38589	1127	20792
20478	932	14933
13428	1169	20421
35974	931	12433
11573	195	11994
36285	872	35379
19981	324	37937
17712	209	35527
11939	791	37279
20494	1205	37437
14698	205	39343
13839	441	16577
14896	932	19692
12759	1205	15844
38466	932	19692
15723	729	11893
11168	729	14551
17156	37	16398
14652	274	14083
10506	1109	20084
15536	376	35365
39254	574	20621
19126	324	16363
11516	1211	15509
19674	1080	14811
10714	932	16945
13684	923	20269
18685	205	15202
14591	459	19076
17485	473	17900
15052	588	19924
15320	1109	37141
11762	182	20139
12653	932	19692
16871	932	35337
38585	927	16779
20463	940	10566
19799	247	11032
15881	531	13012
11004	613	18402
14215	862	13325
19442	1163	16966
36629	365	14489
38274	932	19692
11946	152	37385
35944	459	18030
10680	630	17629
11886	720	35714
39541	422	17407
18697	473	19773
36740	364	37210
16677	535	39421
39260	931	35379
12779	1124	36964
14585	255	36740
16695	1080	35379
17096	778	15319
12329	862	38674
38897	932	12135
12285	785	36485
15553	1030	18787
36098	1088	13883
20383	209	17743
12896	552	14751
37637	907	11564
35730	473	35384
13660	364	13793
39442	1205	14519
38023	205	35167
39058	351	36862
11345	421	38533
12368	862	13838
13701	851	18466
19124	729	18310
20495	474	38155
36069	397	20365
20375	932	14297
35246	1205	35817
37455	862	14000
39326	932	11682
18187	247	12794
16777	1205	16758
37317	729	39169
18236	862	19679
35177	658	17122
12489	862	10660
20495	474	10623
35453	1080	12441
12679	613	18402
20406	1218	35978
20562	1080	35356
17096	1184	15542
17505	762	37009
12712	662	16014
18002	1205	36587
15655	918	36348
15511	976	36013
20674	488	17110
37063	615	20490
37148	932	19692
19677	195	35599
17382	800	35395
19720	382	12068
10660	785	17639
20385	992	19100
14406	932	19692
15813	862	13636
38343	217	14976
19339	686	13276
20063	1015	17228
10717	247	35751
20849	1149	20874
11616	1284	12573
16398	1028	17156
10730	1088	13883
36806	382	35915
38059	488	19733
38611	932	16945
18784	932	35337
12956	284	14013
37210	630	12332
17338	1159	14939
18453	206	14630
15566	205	15963
11679	932	11682
13369	1189	20153
38363	531	19114
15995	1163	11267
13113	195	35167
39105	205	16563
10965	1088	36051
38697	613	20271
10890	94	35787
15683	613	36463
14378	1074	20416
36179	382	36782
15635	932	19692
19336	931	12433
19391	932	10598
13098	384	39067
38944	382	13889
12219	785	36222
15187	205	37389
13557	746	12408
14098	872	35123
13123	382	14355
17808	40	35633
14201	762	17378
17253	924	12050
37518	1118	11098
20971	932	16945
16737	932	11682
38363	544	20215
10969	371	19729
35143	932	19434
17299	691	20172
11644	588	15508
12369	1205	20653
20017	625	14746
11600	1080	35356
17614	782	20978
13582	421	35800
18801	932	16945
16781	155	20301
10568	729	14734
15634	205	11078
19852	421	38015
18477	382	17065
19254	195	20951
36213	165	11296
35238	926	17533
13012	315	36777
39187	195	17117
19108	670	37196
35365	217	12279
35319	1205	36376
37982	112	13973
16019	382	14214
17808	40	18976
16968	785	37403
36314	705	36328
16945	1107	18911
15332	698	36862
16400	772	13044
14014	729	17302
35373	552	10724
36817	152	17386
17815	865	13010
37184	973	17126
11157	382	18785
36309	932	19692
39331	907	18225
13721	1109	14650
11201	782	14746
11428	315	17860
15446	382	16178
13615	969	35599
18082	324	35940
15031	94	20590
17832	762	16430
10961	973	10795
36891	1000	36710
18983	273	15178
12019	552	35222
20758	630	16347
35999	932	14933
20085	435	16824
20590	1205	19252
12802	1159	20463
19175	152	37695
16938	531	38614
20627	205	19853
18511	1210	14932
39056	932	16945
10896	205	35492
36277	266	35285
35611	121	38328
14591	635	35365
16934	552	37801
14040	924	14297
36471	382	13895
38194	198	18708
36625	273	18894
35823	1088	20488
12227	932	16945
38943	729	12403
14285	663	11598
20464	152	36649
16464	1074	19814
37404	1235	12176
12922	925	35379
36800	721	15545
14789	1109	18770
20594	1159	35786
20163	785	19633
13350	382	13298
13082	611	20820
15926	1205	15978
11478	382	36346
17476	984	38446
17425	932	16945
15089	1245	36914
12993	273	19042
36529	421	37109
13850	994	35285
38335	717	20731
20479	932	14139
37937	324	11236
37972	1205	19287
36439	209	17102
11428	911	17096
37364	502	18513
18805	195	19237
35106	205	12562
16347	791	35522
12435	785	12210
36017	746	12017
39285	520	12605
38035	1088	20488
16331	1080	12441
12920	206	35285
38207	659	35382
35941	121	11613
35319	382	19959
36664	442	18401
12169	382	35786
17889	613	11377
36187	209	18771
14523	1080	14811
12172	942	14937
39108	527	18708
15133	382	18815
13518	1205	16019
35261	827	36965
12162	932	19692
19483	932	19692
13518	658	12408
15598	498	20470
11966	238	16674
16010	1240	35167
13565	1160	17471
36048	1284	15948
14388	209	12865
38028	1127	38280
12609	1074	20297
36463	613	20879
38356	932	19692
17253	1107	17253
37872	657	20710
15988	247	11032
15688	932	19692
10988	209	36187
35886	327	35887
16005	969	19677
13883	1265	15162
17088	1255	18574
15008	729	15251
35833	538	18434
37689	1205	13350
11135	421	19138
18679	209	10988
13072	514	39365
38512	1080	38845
38655	473	19295
17063	785	17366
17743	209	35978
36064	421	13411
36826	994	20881
35941	630	17629
15366	227	19275
13757	473	10826
12379	473	35384
38439	165	12421
35848	630	17618
35245	205	17814
38897	932	10598
14278	273	14962
11602	1163	36664
36587	121	16866
16717	266	36710
15741	1127	36149
20383	209	15565
16831	266	13850
11633	247	37933
19413	657	16590
14746	366	15350
19582	306	12418
16958	1210	17195
37318	195	36504
15737	1080	35894
37647	38	20931
17758	195	13789
14613	217	37548
35211	520	17632
37649	205	19102
38611	932	19692
12215	459	38083
17496	508	14713
14862	817	36881
11379	324	13803
14305	831	18418
16756	785	10803
12109	1205	12609
15506	899	19008
16004	1160	18651
19821	473	11577
19097	273	11928
13882	932	14933
10995	791	20380
17108	268	38478
17924	467	18709
14583	398	19582
15911	1051	39360
36478	862	12941
20120	440	10825
19081	106	14823
15322	1205	10772
36390	458	11217
37835	923	11320
14967	745	14967
10700	973	11143
37184	421	38315
35649	932	16945
16199	862	16322
35287	630	13012
35718	273	12026
37962	1149	12785
11544	613	11004
17758	205	12316
37319	862	37877
13426	247	20889
17481	772	11377
16632	932	17253
11455	205	16260
15709	574	11562
19654	657	36590
35213	113	13490
14900	382	35573
20218	900	38436
37073	746	17462
17110	520	20674
35731	785	10898
13011	205	15134
14789	382	36376
14024	1109	18608
20643	907	36837
14145	463	10785
12342	273	35323
17671	1109	37781
37618	468	38443
14024	240	20621
17968	1194	36969
13237	932	20179
36021	657	36022
15631	469	15264
14119	255	14543
36187	209	13633
38219	397	16711
19044	458	10865
35915	1205	36806
37394	1080	10545
20703	552	38499
11710	632	35758
16734	630	36471
20753	205	37670
12826	473	36984
36093	152	16719
18700	1205	16073
17615	1205	19074
15813	729	20792
36633	473	35167
19988	1088	20488
36501	862	20793
16005	195	35251
10890	94	17094
39314	1132	10865
12444	932	12050
16064	458	12799
17253	904	35211
38677	520	37385
20285	927	12097
16410	458	39584
12996	227	13850
19921	1015	17228
14015	463	10785
16400	613	20823
19442	720	12328
16178	1109	38097
11475	369	36562
20709	273	39169
10969	371	39312
20991	717	20731
14289	191	16781
37358	932	16945
20146	762	36202
11417	490	17824
37532	205	35228
19891	588	19466
11792	932	19692
12562	205	35106
35365	628	20283
18356	1242	16835
17382	877	35395
38714	932	19692
12318	785	14290
14922	1284	13867
35639	720	16493
20925	824	18708
18574	498	12279
16019	1161	13518
38190	853	20200
12458	195	10788
11654	382	14098
20545	937	18257
18056	1205	17227
36054	772	13044
20823	1122	11058
39210	551	15056
17741	1121	35461
16627	980	16627
13721	932	12922
11721	144	19901
19629	1205	16585
15194	240	35245
35393	1127	20529
13771	817	17629
38315	421	17226
16664	266	17386
11766	1109	38097
16244	1159	35285
18054	435	19824
18332	705	36328
36112	932	14139
15926	1205	13282
17195	247	36098
17914	657	36417
36021	932	10598
13288	862	14784
12369	1205	35148
14650	473	17900
18239	700	19589
18113	1217	11821
18510	927	16434
17729	747	18708
39043	630	38364
12262	932	19434
11167	1074	36991
13191	642	13701
17513	969	37070
15251	1058	39081
38934	458	10865
14790	932	19692
20070	885	17824
16849	932	19692
36174	1166	15019
13454	1080	14897
13061	729	11860
11684	932	15012
36174	463	10785
17679	1127	35156
38983	1106	35758
35112	1074	20416
16754	720	35714
15910	458	35285
13581	552	35222
15123	853	35687
15270	948	10566
35285	548	37487
19186	1115	19692
20662	1088	36051
16773	520	35285
12169	1109	36013
39129	298	17386
15446	1205	35551
13041	440	14746
35527	209	19184
16625	227	38319
36112	932	12050
17531	785	20724
12782	629	12062
14179	209	14417
39328	729	20969
11364	862	20240
38193	932	10598
19251	862	14028
39242	520	10865
36817	666	17386
16056	385	16268
13188	205	35106
20970	1109	19505
36547	435	18975
38714	1240	35167
14763	382	16018
13800	831	39314
18332	382	18366
35866	932	12922
16082	247	35978
16033	382	14398
37633	205	14539
16452	209	15596
20488	927	12097
39149	209	37252
18342	267	17430
11586	758	13542
37189	1149	20470
10530	473	20004
38443	747	18708
16662	0	13276
35470	397	12554
10620	932	18911
39125	1016	19792
36061	907	19381
10815	421	38849
19957	1084	35633
14535	1060	11764
35773	932	14933
12543	191	19438
18239	700	38756
11318	1080	15427
11164	635	14043
19014	1030	12530
39360	1051	15911
16585	1205	35148
38738	397	36638
15068	973	19785
39197	932	19692
17962	932	16945
35246	382	15970
19429	899	19314
19679	520	18643
15737	932	14933
18310	1127	20409
38375	179	35285
20582	20	20214
19044	932	16945
36272	209	18718
16911	1074	20297
16331	932	14297
19736	708	14636
20015	463	10785
13289	205	13138
20464	152	35123
19935	762	11600
14441	932	16945
13789	932	16528
17351	195	12854
11466	435	10885
18763	382	35296
12211	690	19073
14555	94	19390
39158	729	20472
13090	657	38172
15252	348	12249
37319	273	17787
17122	38	20416
20590	121	16866
12315	1205	38274
35156	785	18800
18379	441	16577
13334	863	11721
14351	520	12345
20375	932	20179
17231	1118	13707
17610	350	20761
39250	1054	18510
19626	191	16781
14273	932	16945
19434	575	12922
15606	923	17982
35699	938	37744
11834	632	35758
15759	1080	14897
18711	445	15446
18342	267	15207
11096	94	15891
39212	932	12533
36376	1205	19879
18130	1189	37032
17126	1127	37184
12316	17	17758
19316	500	20514
14206	1205	35505
13017	677	19438
37828	421	13410
37380	940	37964
12097	256	18466
20857	932	11682
17743	209	18475
19286	987	20214
18071	421	12285
17108	691	14446
35659	195	17117
12121	1109	18770
35634	1205	15319
37992	215	37468
15446	445	18140
16768	1109	37929
15844	382	12759
37403	862	16968
14875	384	17218
12839	292	16078
14096	677	12595
35148	326	18509
20165	497	37965
20070	1229	39176
13184	932	10598
18815	382	38078
35759	273	35166
15926	121	14435
36058	382	37210
14503	190	13359
37982	559	12492
14028	785	19251
15153	932	14933
20464	152	13276
10896	932	19692
15988	247	20698
13409	365	14489
36920	729	16751
14119	791	35434
14027	240	15597
10795	1127	10961
35395	220	12785
14754	785	36625
10800	1080	11355
11723	218	10579
12332	630	37210
38319	412	16625
14529	628	15115
17632	862	36215
35228	552	17536
38332	846	37731
19616	932	19692
12225	932	16528
17122	1205	35383
19769	172	15445
36806	382	36070
15133	1109	37141
11994	950	39063
38044	932	19692
36616	273	39328
36861	382	37044
17244	1000	35908
11564	240	35161
37293	435	39585
35944	1153	11652
10573	613	11058
39014	1126	10825
14194	613	18402
35896	209	35743
36921	5	19355
38498	12	10865
37339	1149	11164
20019	1030	18974
35573	630	20312
19588	969	16041
37475	473	12316
17088	942	18574
13700	791	12542
12262	205	35999
11100	205	15207
14140	382	13981
12831	209	20715
37014	247	19988
36183	969	19711
35228	552	37532
16791	266	19355
11172	628	15348
35955	747	18708
18682	862	37498
39146	266	20554
35600	17	11917
12075	502	10865
37501	327	14584
38185	1109	38097
18257	628	11475
13057	918	37622
11200	421	36030
13277	720	19729
20764	1265	18599
15752	1109	35682
11548	932	12922
20710	473	20004
11219	508	14713
20698	1088	20406
17351	969	35599
14996	1110	11629
19749	589	38854
18662	1205	11602
12254	469	13441
11347	762	12141
37978	1080	38845
37404	206	20304
36568	864	35354
36017	588	18214
16348	435	10885
38674	785	12329
15891	817	13448
15235	273	35260
19315	794	20406
14378	121	11217
18599	1159	14879
14351	520	36990
14031	791	36527
11764	291	14535
38106	969	19507
10902	630	36599
35656	932	19692
35599	969	15161
35964	520	13897
38929	872	38617
16551	932	19692
35296	1205	18763
16957	932	19692
17985	574	10826
37948	473	35242
16515	657	19674
12099	473	12316
35099	552	17536
36133	531	15670
20472	520	13276
35167	932	16528
20859	384	37981
35743	209	35896
13252	932	16528
10772	382	17415
36806	382	19760
35177	746	13167
38609	421	11843
13895	791	18193
18860	1080	38845
20105	209	35743
16244	209	35743
11008	369	11475
10813	746	15110
17513	227	35379
19362	973	13288
19295	932	14139
35966	932	16528
12408	588	13557
11846	1015	17228
16983	1030	13698
20556	932	13065
18898	950	38360
10599	327	17386
19296	1080	14897
20014	630	13012
12836	923	11065
13883	848	11658
12362	552	18807
17055	552	11127
17657	240	35161
11298	657	13352
37965	545	20165
17733	232	14139
20325	657	14430
15136	932	14139
17415	382	13602
12250	932	12922
18871	837	20653
19899	932	12922
35599	195	19517
20961	1127	12934
35818	191	36510
19821	932	19692
36055	1080	35356
20971	1080	35356
36327	382	17670
13600	520	12605
17769	717	20731
11946	152	36649
36880	273	35393
35268	1223	35285
20250	657	10607
37184	273	19384
19760	382	35307
13143	932	19692
13694	384	36022
13874	729	12710
11579	459	11710
17447	923	12836
17505	932	19692
15763	573	35469
12436	1109	36942
19002	613	11004
39017	473	37389
19684	15	11381
39511	227	39510
38307	932	18911
15194	240	15067
13803	324	11379
14382	932	36513
38265	66	36991
37760	240	20290
35203	205	12787
17253	904	17386
19720	382	20305
19976	382	18392
10803	785	12342
38375	195	17729
11297	1205	13298
19733	520	38059
13659	1253	39204
17225	932	13065
18685	205	36423
16421	495	37709
17990	247	13654
13420	862	19329
16063	324	13158
19760	382	15446
36075	932	19692
18786	397	13060
36187	1088	38344
37475	932	19692
20379	121	16294
37962	628	12785
11552	315	17952
20486	630	20421
17900	552	15134
12299	397	19384
12797	574	38101
37984	445	13602
36725	435	17034
12017	1124	38855
11917	932	12330
18130	1189	20307
36562	996	19781
37613	458	10865
18356	273	12482
11110	889	11335
38777	1054	13867
17846	255	14543
19905	238	11458
15538	435	12584
35464	1132	35123
35773	932	12922
12576	1205	17758
19002	775	20071
12083	938	37385
35578	350	20401
35758	369	37011
20402	38	20416
20925	198	18708
15652	435	16146
16882	1106	15536
37887	80	35379
35742	1080	19937
35676	973	36659
36804	905	14658
14168	785	18741
38015	397	19852
13557	382	12408
14519	382	39442
38083	1255	37548
15527	473	19296
13793	690	15620
36346	690	36471
35130	284	16484
10627	932	19692
36376	1205	14789
37279	315	12673
35154	1152	38190
19645	167	39042
13957	134	18388
16244	209	36439
12500	1163	16966
13286	1088	13883
20402	1029	14443
13518	1175	16019
35792	382	17612
12135	575	11682
10532	209	16534
20421	869	11552
10815	973	16108
36147	785	20640
17657	657	35747
12237	657	38967
16680	448	14662
14437	44	35469
14790	574	10826
10854	613	36463
18152	435	14408
17743	1088	36051
19760	1205	15446
37898	926	17471
20159	382	36423
16401	205	16410
13240	196	16006
18796	923	18591
15328	192	37768
20753	932	14297
19252	121	16866
37640	932	19692
18960	227	20554
18005	932	19692
12703	255	14543
15846	382	35842
36346	1205	36471
19254	195	17351
14004	613	14240
20321	657	17659
11178	1080	38845
20866	369	38083
11172	217	12785
37961	932	16945
15071	205	36382
36237	205	19101
16841	332	36092
12221	397	38357
36087	932	35337
13836	932	20179
14309	382	38570
36953	932	16945
20566	469	13441
11910	255	37074
19815	266	17386
38714	240	35167
12457	1205	17420
17156	546	15411
38326	205	19961
36480	932	12135
35742	1080	12441
36471	382	36346
17257	234	35634
16019	746	14214
20488	463	18466
36070	445	19760
20793	785	36501
16169	422	16092
14074	932	35337
13956	1109	37141
36179	1205	13185
37771	430	36976
39541	422	12157
20150	209	18013
18056	382	10638
36881	121	16866
16056	385	13850
16145	1074	20297
10637	634	14040
13823	195	38443
37703	940	37900
11027	327	17386
17860	827	17096
18828	1210	37940
19177	932	35337
15029	1080	19937
13351	1088	36051
13771	817	35941
11148	397	11304
37176	932	12922
35718	862	14562
19379	365	14489
12590	273	18725
37011	632	16200
12272	520	15421
36913	849	10861
13981	1211	19877
16515	1080	14811
17597	1214	15497
36157	772	11377
35384	932	18917
20385	235	19621
16200	632	17593
36964	1124	12779
37487	544	38436
36881	382	20590
16358	229	37386
39545	926	17130
12500	382	37224
16623	201	35651
12254	469	36054
16585	1109	20519
13995	1229	13995
11719	907	38466
38875	932	16945
13889	1205	38944
14657	385	35379
16501	932	15012
17055	932	20179
36350	209	20662
12193	1106	14976
13895	121	37141
20380	791	10995
19924	588	15015
19232	973	15533
20933	625	17614
17487	198	19529
15439	959	13417
17663	165	14630
16511	729	12285
20014	266	14879
20713	520	16268
36542	1205	36543
14288	785	36880
18539	531	13012
12429	382	16545
13979	497	38456
11951	932	19692
35470	973	17221
14571	932	16945
13289	205	11994
35634	1109	12261
37153	973	14275
10849	121	16866
14798	907	16860
17402	785	18867
19759	384	14416
15850	473	19616
13167	1109	37141
14757	729	17402
38849	785	10815
17925	1109	20084
17447	923	11065
19720	1074	20297
38325	458	10865
35394	973	36880
38542	1074	20200
17370	1109	17542
12316	932	19692
15936	973	14014
36823	1205	35941
11999	907	37637
36533	1110	20200
35938	490	17824
20352	247	11032
20723	1109	38552
20157	1109	18770
17937	205	16632
15056	1109	12712
11466	435	16209
12287	613	36247
36346	382	15509
20283	635	16200
37771	430	10825
37364	502	10865
11718	1014	13276
11577	932	19692
19692	1107	12050
12408	1205	13557
20951	195	12854
17565	712	19104
14024	574	36584
37518	1056	19100
16441	940	37703
20488	1166	20406
16566	932	14139
19767	44	11613
11666	382	13244
14366	670	14803
36576	397	12710
18066	397	39242
19984	1080	18512
13530	80	35379
20545	217	14976
35842	1205	15846
20627	552	17623
37101	932	19692
10744	588	11644
35525	382	16830
13636	785	15813
16709	691	20172
18747	657	36007
37861	1080	35379
36247	1122	12287
19831	327	38744
11236	324	37937
14427	209	13424
38315	397	37184
39185	932	19692
19367	1015	17228
12342	862	10803
16777	1205	17814
13279	1080	12441
18100	399	35520
37224	1205	12500
13005	255	14543
12250	932	10637
38985	430	36976
17227	1109	16567
12922	925	19355
13127	574	15619
18558	206	35285
36516	1205	35792
18366	382	19798
16841	840	36092
39527	932	16945
36881	1205	35287
35551	382	36806
20018	973	37235
17341	932	12050
12318	312	19770
38666	324	11678
14272	64	12198
11907	932	16945
35521	766	18142
16841	332	19988
13044	775	11613
16891	729	11124
39121	15	11381
35625	817	15989
16756	862	15002
14763	1205	12111
38331	220	12785
14417	209	37945
17055	932	12922
11917	932	14139
14740	1054	39393
38131	932	14139
20360	729	13288
12727	932	14297
16773	520	35379
12604	430	10825
17655	1110	20200
10716	1205	18763
20355	209	38367
12836	923	11320
12683	27	14519
12665	817	35515
13722	382	11768
35596	817	11392
36563	182	14713
36543	1074	11629
20283	1149	14043
13823	195	35659
20202	266	35636
16064	1080	14811
16784	932	12529
38092	454	13522
12712	551	15056
20194	1229	12690
10545	226	14192
15123	853	11629
20884	932	16945
11917	932	11682
15963	205	15566
38948	932	19692
16523	350	20931
19251	785	16891
13881	247	38782
10706	1204	39235
14288	421	14338
14657	385	11676
18351	1109	15809
18808	932	19692
11305	762	11276
19891	1205	14519
37548	635	35365
10977	195	35659
13204	205	20571
35846	932	14933
16934	458	35285
12369	630	20421
18692	729	18325
35941	382	36823
36844	1165	10584
12590	785	35548
16056	932	19692
35896	209	14417
36070	382	15446
35773	458	13211
37861	1030	16695
36594	473	19616
16839	474	14812
13771	817	10680
12849	932	19692
15092	205	19825
17220	205	10662
11796	397	15517
37407	473	17900
11939	97	13043
15116	862	15533
20590	1205	15031
36357	1109	37141
12239	630	36954
11960	932	16945
37982	1146	35469
36487	209	19797
37224	720	12328
38097	725	15446
39042	382	12421
38985	430	10825
11590	932	16945
19713	273	13166
39331	657	19759
14953	853	11629
36223	792	38785
19655	1286	37252
38589	273	15813
16511	785	18071
15835	774	20499
16690	1213	12690
16841	700	20435
10600	907	15843
13793	121	13660
19101	932	19692
18958	121	14543
17475	121	16866
36069	785	12674
35974	794	35973
16038	229	11166
10637	502	19081
35307	445	15446
18083	632	16200
15434	146	35461
39111	1080	35356
15894	932	19692
16851	729	14168
15056	1109	14618
10556	905	14658
15322	382	10772
19574	324	15266
19187	205	18263
13039	932	20179
38775	1015	17228
18152	862	14408
11995	766	35833
18766	205	13815
38582	205	19773
19736	708	38690
37267	458	35379
14408	397	18152
12237	473	18632
38609	862	38154
15138	1080	35356
35605	932	19692
35312	240	35161
37079	220	10647
18376	717	20731
37895	397	11954
38151	1255	14213
35156	973	17679
14521	382	12751
37248	862	37319
14880	382	13318
37496	932	19692
38615	613	36463
35600	932	12135
36013	256	10785
13504	382	15345
15392	165	17435
19175	152	20499
12855	932	19692
18650	291	19683
17992	169	35352
15676	1159	16824
35687	1190	11629
36485	862	12285
16841	332	38035
11978	552	14568
37210	121	36740
38132	932	19692
12787	552	35203
13167	1205	35177
11902	240	36237
37740	385	15275
38337	473	12316
37676	435	35976
16244	209	17688
10599	1109	18770
18310	785	38533
16244	209	12831
10519	121	16866
14378	1109	11217
36299	205	12295
20283	628	14043
18342	267	20900
19781	1184	35379
36999	254	14782
11939	315	12673
17698	1254	19609
18679	1159	12678
16695	1080	11658
12940	924	12377
12467	1205	18261
36032	829	20214
17382	217	12785
12672	260	16244
15133	523	13276
10717	247	17472
11203	630	36954
36370	459	15536
11320	923	35262
39187	627	35285
14908	456	15672
14386	1205	17503
39400	435	16395
11078	950	36059
35279	80	35379
37189	498	11652
38572	473	35242
20784	973	20529
13970	498	15177
35961	273	14757
14650	384	12234
37285	1030	35555
20503	932	14139
13334	863	11566
10785	643	11381
17787	973	37248
15652	435	17769
17634	932	12330
15056	1109	35517
12176	506	37404
14112	422	17478
20383	1088	36051
17948	435	11308
13417	841	12937
13863	382	38471
19501	167	36048
19552	554	12458
36048	382	38129
39125	1214	35636
38375	747	18708
12515	789	15258
13272	772	13044
13408	932	14933
17531	729	38849
39557	195	35099
13298	1205	13350
13401	140	20975
36501	785	10961
37413	588	19712
39442	38	20416
17295	273	18942
37177	1015	17228
17189	205	10620
37532	205	35099
10977	468	19507
14327	1080	14897
19677	195	17351
35240	273	17310
14416	1030	19759
15047	1080	38845
35659	195	17513
14896	932	16528
19429	736	35285
13318	1205	14880
10772	382	10772
13811	324	37372
19729	391	36607
38967	473	18632
12918	348	14446
15533	785	15116
14105	422	13441
18682	973	19522
37869	458	35285
17634	932	18911
39455	932	16945
35164	1189	10872
12710	273	13874
12609	382	16911
10762	284	18787
17301	932	19692
14100	932	14139
36485	1127	18071
38864	198	12261
12835	421	15813
19720	1205	12068
36776	1127	13898
20385	535	19100
17625	746	10813
16953	1109	39429
14575	350	12726
20857	205	16784
13709	932	11682
36668	630	36281
36586	247	38035
39213	888	13810
17781	382	11992
18484	119	36710
19781	635	16200
12068	382	19720
39234	315	18571
16851	729	18741
17253	904	19755
10896	932	16945
37163	697	37163
17102	209	35743
15564	382	36383
37273	632	35365
18376	729	39356
37703	940	16441
13424	209	35684
14976	369	15536
39016	981	14542
39000	240	13143
15582	217	35365
38854	600	11752
38207	827	17096
39159	772	38091
36750	932	19692
35424	758	15136
16423	932	16945
19989	630	18392
39359	657	37974
18294	205	12225
13225	399	35520
17620	932	19692
17151	537	38855
10813	1205	17625
14477	872	20264
20758	1074	16835
18859	924	13065
12225	932	10672
19259	247	19988
15617	932	19692
18004	791	19933
35728	932	19692
20545	1249	20820
17857	785	38849
35527	209	35743
18801	385	35285
13659	398	38441
12866	247	20698
20653	1205	14590
17960	1205	35625
15241	926	36607
20646	717	20731
37960	209	35687
16523	377	18486
37269	720	12328
20970	183	17467
36122	762	37639
14746	905	14658
37663	219	38819
38699	196	16006
18546	930	20000
35906	94	20590
16005	969	14721
16600	80	14673
35645	458	10865
16673	1136	15706
17302	421	38990
17485	1240	15134
35307	1205	19760
14013	574	36584
11320	923	37835
18763	1205	14269
12234	1030	14650
13973	613	36608
36794	240	17758
38755	1127	37895
18800	862	35156
20131	932	12050
14973	463	18466
16528	634	10672
12847	632	12785
12007	315	14312
17353	846	18020
39403	729	15517
16841	332	17472
16772	1205	20738
14784	973	13288
35167	205	15092
10633	488	20437
36109	932	19692
11928	973	35721
16835	853	19814
10815	1127	17531
35505	746	14206
14012	932	11202
19760	1205	36806
19263	932	19692
36360	206	35285
39110	932	19692
37339	628	11164
36463	227	13556
12278	740	36740
18212	932	16528
39401	551	15056
20052	205	19984
37862	1205	18662
16841	700	19589
18871	38	20297
16780	766	38570
11843	273	38154
16363	324	19126
18332	250	19798
38218	273	10660
16005	195	20951
36323	552	36324
11082	247	19988
16771	785	14014
35130	382	37458
37689	1205	19946
36953	932	35337
36008	324	37937
11157	382	12316
35383	1205	35295
19453	746	38529
17536	205	35099
15919	1127	18867
11565	932	16945
18096	872	20595
39076	274	13547
16217	932	16945
19750	932	16945
15446	1259	16078
35301	238	35417
37029	391	13276
39168	817	36275
20785	545	12192
17267	899	15506
17787	729	37319
15963	932	15012
17218	1030	14875
12866	247	35978
16452	1054	16878
16730	227	35942
15187	932	14933
12203	382	13722
36398	430	37620
18266	940	10566
37962	459	15177
37458	1205	12316
39356	435	18376
13028	1284	20654
20271	227	20264
14388	1210	19892
11143	435	10700
35339	932	14139
20071	772	19002
38745	950	10645
17189	932	18911
36526	700	14879
20590	121	16294
14308	520	10865
38558	476	16446
20590	382	14862
19237	195	17351
35505	1109	35154
14803	1284	19898
13244	1211	35317
12934	1127	11995
38542	254	35671
15926	1109	14435
15881	422	38615
36740	615	17629
36339	932	19692
16563	552	39105
11078	458	10865
19453	382	38529
36289	1284	35682
19237	969	18805
14064	1080	38845
35973	1166	35974
38614	234	38439
20396	169	35352
12262	932	12922
35295	382	35383
35555	384	37285
12352	1109	20084
37397	458	17386
19252	266	35382
37663	1081	36800
39103	284	14024
38656	165	36670
14938	463	10785
13244	588	12239
20464	152	11217
20582	947	39356
10618	932	19692
14334	1080	15721
18610	458	35285
10998	574	35100
13988	247	20698
11335	54	35416
37395	645	20765
16778	950	19827
37389	552	15187
37069	195	12458
14377	459	20938
36419	1080	11254
20793	397	35208
35742	1080	14897
13244	1109	37141
17846	630	12256
37342	535	19100
19798	382	18366
19530	382	14555
13541	574	15688
19546	382	12429
37342	1118	11098
15778	324	12776
10772	1205	10772
38106	195	37618
16281	639	35379
17671	1109	39186
36007	1030	11636
16395	421	39400
18104	1030	35895
18283	195	11351
14219	969	19507
39056	932	11682
15910	205	20745
17657	932	19692
13248	613	12475
36546	247	15676
38219	785	38218
18150	762	19032
35942	456	35379
20723	121	38552
35721	1127	11928
12759	1205	16585
19760	1205	18140
15187	932	12922
13089	273	12773
18954	121	16866
15029	195	13143
18688	932	19692
16771	273	15936
15140	1127	20969
17503	1205	14386
14140	1205	38542
37570	274	38436
13624	560	16280
37828	862	18643
19102	205	37649
12322	667	19314
35846	17	20975
11999	240	35161
35773	932	19434
12849	657	19871
11692	932	19692
13700	234	38207
19232	1127	16932
10962	657	14430
37895	973	38755
14377	635	14043
35285	13	36285
17493	630	17577
14437	774	35469
12437	774	35181
19230	1125	19677
15088	712	37342
36853	976	36013
17629	121	36740
37801	932	36885
39212	950	17758
16568	1137	20070
14746	905	15350
12172	632	12785
38784	932	18917
12409	205	17937
13065	232	36885
16632	552	12409
39127	932	19692
19879	382	36376
20365	862	13288
38090	932	19692
14591	1094	35379
18451	1115	12922
35317	121	37141
38450	609	16003
17317	382	14763
11209	1255	18030
15672	1205	12014
14754	862	17453
19465	862	19633
16801	720	19729
18911	634	18416
35100	932	16945
19741	574	35100
15067	205	17814
17513	195	12458
36459	1080	15427
17758	441	16577
39100	365	17213
19247	1051	13211
36851	1074	20297
20439	324	39398
14922	1284	35823
15566	932	12050
36946	382	37972
12408	1132	16719
10638	382	20596
10898	729	15810
35987	273	19355
38197	473	35339
37518	712	19621
19252	1205	36277
19712	382	37413
38782	1088	20406
35355	1080	35356
15858	657	10530
17620	657	36570
18711	382	35551
20262	932	19692
20514	1194	19316
18257	217	11253
10739	862	20959
16867	728	12525
18452	853	20200
14168	273	16851
20305	1205	19720
16413	205	15469
13986	863	15775
17743	1054	16038
19935	1080	35356
38101	932	15012
20409	397	19124
14771	932	19692
17227	382	18056
17378	907	14201
12760	205	11890
13721	819	38295
36584	932	16945
13915	266	18258
17240	520	19778
37413	1211	37141
39121	889	35974
38738	273	18519
11085	762	19086
35458	266	17386
39541	544	17992
11157	1205	39268
38846	516	35868
38129	382	15846
11362	205	16651
36322	182	14713
19330	1080	14897
16709	218	19584
12703	630	12256
15162	1088	13883
10747	520	12886
14562	785	35718
14024	758	36584
12237	240	11644
18865	421	13060
10849	817	35515
19151	950	12262
35520	864	19901
39169	273	37317
36215	766	14828
18049	803	18049
11015	1016	11513
16158	476	11470
18118	1080	35894
17190	785	19522
19976	588	19989
15489	546	15411
35457	950	35203
35099	552	37532
17457	288	20297
14196	994	12421
15425	169	12492
19380	209	14209
11458	238	36515
19773	932	19692
38545	422	37192
35245	205	15067
10825	159	36976
14822	218	20172
11065	923	38501
19534	165	17471
38752	691	20172
18828	1210	17051
36927	232	10637
17620	240	35161
18066	520	10865
36122	657	14504
16056	205	19773
38190	351	36862
13286	670	36479
37801	458	35285
17236	382	16072
14969	684	14285
19651	862	18446
13617	1205	18056
20933	625	14746
18771	209	36187
18104	932	12922
11065	923	12836
37163	180	10825
11992	1205	17781
39398	324	20439
19283	574	12910
36415	1205	12121
14757	421	35961
14967	240	19211
39328	729	36616
12847	369	20470
20792	973	38589
35238	247	17102
16057	1159	13211
14141	932	35337
16650	1080	37033
38734	195	35167
14938	794	39393
36228	1124	12779
19073	630	12211
20435	589	16441
12120	1205	19194
10638	1205	18056
11511	976	36013
36121	241	17386
38344	463	10785
36544	932	13065
14242	498	18083
11114	973	11567
15088	1118	11098
17667	240	15856
19775	662	39164
17065	1205	18477
36248	932	19692
13981	746	38542
11148	973	20183
11633	365	14489
19102	552	35222
39389	1153	11475
39149	1054	20924
20174	473	17747
18225	762	39331
17001	973	18066
11565	473	35242
17634	932	16945
14811	1160	35285
20765	1149	14591
12937	1052	13417
16102	785	14562
36376	1109	20084
15110	588	10813
11032	1189	19799
11873	205	35645
12760	932	16528
36283	165	12421
10855	205	13289
37356	613	36608
17107	630	17577
37756	238	37300
14420	932	11682
20014	630	15670
39235	551	10706
38129	1205	36048
11263	324	20349
20379	817	36275
36527	791	14031
18239	700	35716
17351	969	15634
19785	1127	15068
20728	206	35379
19175	152	11217
16260	932	14139
38636	1216	16626
37828	397	38015
39229	817	17530
20120	440	36976
18662	94	11602
36507	552	35304
36187	209	37945
35846	552	18422
12755	932	19692
11342	973	39581
19384	766	14111
38804	1015	17228
14784	766	13850
39129	224	36800
35685	791	18571
18251	1109	20084
15012	232	16945
13872	932	12050
18392	588	19976
14618	551	15056
17546	729	17403
13158	324	16063
16203	1298	20970
14294	969	19507
14368	657	12797
38694	1159	13897
37252	670	20256
11398	198	39314
38849	862	17857
35944	632	15536
11117	932	19692
14977	324	14983
36568	864	35639
18718	209	16452
12724	348	11970
18808	205	35167
13017	677	19742
12414	688	35123
15672	690	12014
19827	205	16778
15671	37	20691
37009	657	12653
10660	421	38219
19959	1109	18770
10519	1205	12817
19060	1214	17386
37937	324	19981
17727	1109	20084
11170	195	12458
15257	932	19692
38668	190	19704
18785	473	12316
37002	247	37965
37365	657	37159
17659	1080	35356
13854	657	36925
18239	700	20435
17615	382	19074
11392	817	12817
13602	382	10772
17628	1096	35671
11837	498	15177
13927	1080	11658
39170	288	20297
36087	195	37961
12141	907	11347
20520	205	17900
37701	1213	35285
36070	382	35307
19901	774	35123
10611	227	38973
37910	247	19988
18519	729	38738
18519	785	36638
12244	319	36862
10738	242	12198
13408	932	19434
37954	973	11954
10674	352	14953
12467	382	12169
38768	969	19677
36804	189	15350
16503	1074	20297
37287	1240	15134
38735	1080	35379
39463	660	37771
10995	165	17471
36990	227	12345
35990	350	38328
12942	240	35161
19300	421	15126
14187	1080	35356
16209	435	39590
16398	560	16280
19591	1205	35464
15843	240	35161
19797	209	36187
18894	729	36625
19333	1054	16038
13554	266	35379
36641	938	37385
35400	932	16945
35356	932	16945
15153	1080	14897
18725	397	14991
37101	762	16515
35940	324	18082
37458	932	16945
15673	1089	15673
35633	264	18976
38572	932	16945
10790	273	37877
14687	240	20290
17096	1184	14630
36415	1109	18770
18379	932	16945
12847	1255	14937
15266	324	38447
13082	369	14976
18251	1205	11516
35387	1210	37032
36079	774	35379
11656	209	35743
17729	969	38375
20863	923	35741
35410	1205	35573
37876	473	35242
17959	218	16529
15219	932	10598
17639	273	12489
14013	932	19692
11032	670	19589
15273	905	14658
36708	588	14926
17387	254	19346
16778	932	19692
13288	973	36069
14949	1178	18405
35522	791	16347
36058	746	37210
37613	458	12799
35323	729	12342
37801	205	16934
16585	1074	20519
11127	932	12922
11318	458	19778
13288	785	20365
19552	1125	17513
16019	658	12408
39121	889	16878
18894	862	14754
17449	1109	20084
20383	209	16958
19097	785	35721
12475	613	36608
17947	562	10540
37189	1031	20820
36348	662	15655
19748	435	20214
17221	1127	35470
35829	227	37385
38218	862	38219
35961	785	35960
20004	950	35834
17610	1109	20761
11893	1127	15723
11291	657	14064
35185	1210	18334
35384	932	16945
13898	973	36776
10672	311	19355
17493	382	13422
13821	520	35379
14293	350	36696
17503	752	36649
39512	932	14139
15967	508	14713
10934	1051	11499
17826	205	13815
35330	382	17662
10638	121	18871
12960	932	18917
12831	700	20780
39229	817	17863
11065	923	17447
38455	890	10865
19736	708	18139
11999	762	12942
16283	240	35161
18760	195	11362
13138	205	37358
12673	274	15341
14349	209	15242
38525	932	19692
17415	445	13602
12098	348	11970
11265	1210	12672
14000	785	37455
19616	195	13079
38529	630	12239
19581	94	36471
15945	38	20416
19421	247	17743
36586	247	35978
35606	273	11019
13675	238	15486
20820	1106	37273
11466	435	16348
38222	435	14321
35557	932	12922
18239	700	12226
19529	931	20595
16482	12	14584
15320	630	13895
38216	44	35379
15841	1205	35906
11032	1088	20488
18718	209	36272
35572	205	15737
18482	574	10826
11326	926	36710
11567	862	11114
15631	469	13441
18742	577	14969
18826	497	14147
35203	441	16577
14014	421	16771
19742	556	13017
37622	662	13057
35424	819	14850
19252	1205	15970
20758	1109	16835
35242	932	19692
12700	872	35820
17358	391	35123
13544	932	19692
35751	1189	10717
37981	657	15098
20277	219	10850
16484	473	12316
16455	932	19692
12629	926	35285
10880	1080	35356
16677	666	19175
35307	1205	35551
20955	227	13850
37318	441	16577
39213	417	13810
11392	382	14555
19362	397	20360
39228	192	37768
13350	1205	16224
10772	1205	15322
11691	330	16608
18801	932	35337
16866	181	16294
11445	435	10566
38443	468	35659
14758	630	35301
37394	950	14192
16891	862	19251
37070	195	36181
12549	932	19692
36098	209	16958
12530	1080	38845
11844	1109	16294
17496	546	15411
12996	613	20879
15476	397	20555
13060	421	18786
35505	426	14206
19287	382	37972
18484	171	15686
17952	505	20421
12978	872	17386
14269	382	18763
15582	1184	35379
10598	232	12330
16244	209	20150
38703	717	20731
20547	205	35373
11684	932	19692
35973	931	12433
15056	1109	15253
19008	899	15506
11516	837	18251
18132	435	20646
11616	1284	13867
12333	720	11566
14937	635	11475
18494	398	16088
18130	1189	18130
20183	273	11304
13538	382	37086
36346	791	15052
35984	369	37548
14386	1205	19849
14552	848	11658
37389	932	14933
36837	762	20643
14992	121	16866
11172	800	35395
17444	1054	20285
35372	205	35453
16870	1178	12192
12316	17	11577
38197	932	19692
18668	209	16118
12697	1055	38139
10794	932	19692
37835	923	35262
19071	215	37468
11053	658	12683
13426	740	35361
17067	500	36869
13073	932	19692
35394	397	35393
35690	266	18300
15936	729	16771
12403	474	38943
14956	144	12437
20680	1054	39393
12299	785	37184
17751	80	20595
12050	232	14139
14679	121	16866
18802	574	16175
17107	1205	17417
18342	267	38546
16178	382	35307
13838	273	19355
13266	600	11752
19961	932	13065
35161	195	18586
20792	273	15813
14417	209	35896
18113	690	35598
37224	1109	16966
35643	862	16488
13836	458	19679
15475	80	35379
15688	205	16778
37937	324	36008
37184	862	12299
36570	932	19692
17153	274	36678
14908	994	13315
11429	932	19692
15096	630	36599
11075	645	15657
19677	195	16005
13036	1037	35902
12237	932	18917
16523	274	20595
17227	382	16621
16006	754	13427
15372	932	36885
15369	1166	14015
20115	932	19692
11296	531	36283
35876	932	16945
11164	1149	35219
38848	148	39510
18712	677	20802
10772	445	15322
19621	1056	19100
13883	229	36098
35719	196	16006
11871	735	12820
17741	1121	11658
35815	255	14543
15844	1205	20653
13675	165	38436
12201	435	13489
38348	1080	37527
16783	473	17900
37413	198	12001
38635	1212	36800
12530	384	19014
35659	179	17173
38083	220	11652
18911	232	16945
13504	746	15345
13448	1109	16294
13854	932	10598
12252	273	35548
20998	382	17387
19060	653	38971
17986	1198	14746
20326	976	36013
16758	382	16777
12119	205	36507
15721	932	14139
20159	1205	15219
37293	717	20731
38295	205	18263
13867	120	35416
39121	889	35973
12533	232	16528
19629	1205	16503
38870	551	15056
36702	1205	37224
11633	247	18511
37241	1190	20200
35462	473	20376
13325	785	14215
20646	435	18132
35337	232	16945
37984	926	36990
14880	1205	13298
13124	497	19333
18167	938	37431
36187	209	19797
36618	121	16866
11021	729	15116
12172	498	36370
15832	1080	35356
14427	209	35871
13349	926	35285
18622	385	13850
20243	1205	38542
15116	973	17795
18528	791	17013
19283	932	18911
36869	1194	17067
12779	1124	36228
18277	817	12242
14143	630	38493
11058	227	11658
15133	746	18815
10506	382	17449
14539	932	19692
36625	973	35351
12606	205	15958
39365	356	13072
39228	192	12027
11455	441	16577
18801	385	13850
10762	932	19692
15709	657	15020
35112	254	13101
17729	195	35659
19329	785	13420
12316	552	17758
12674	862	36069
38756	1284	20043
20925	198	12692
14662	448	16680
15881	531	36777
13204	932	35337
17065	1074	20200
13211	520	19247
14939	80	38436
12772	1054	20285
15110	206	35123
19797	1159	35285
16887	1054	20285
38545	531	19114
13426	1037	20889
20269	923	13684
13289	205	12316
19976	746	18392
20567	1080	14100
10885	435	11466
38389	818	39360
17415	1205	13602
11206	247	12772
16283	762	15843
15496	463	10785
14096	677	36510
38875	932	11682
36215	785	17632
35724	969	18283
14045	195	17351
12814	657	36646
13722	1205	12203
36894	369	12785
15140	729	12210
12101	205	35373
37498	785	18682
19074	382	11392
15858	473	20004
35365	1184	35379
17351	195	18819
17513	969	11402
16924	973	16647
11886	774	37842
36085	1137	37277
35461	80	35379
11248	254	39260
37964	1205	37380
35317	1109	37141
37651	679	16564
38901	1080	12441
14227	1074	35148
13114	932	35337
37016	382	11392
35246	319	10752
18934	458	13850
36431	1205	17813
19442	1163	11267
15397	196	19778
18687	473	12316
14935	932	19692
35246	1205	15970
10772	1205	18254
11008	930	20765
19074	382	36681
16639	638	37241
35718	766	11886
39080	195	38295
35439	80	35379
14209	209	18718
11567	785	13464
17536	17	35099
17533	422	17407
15620	630	13793
16870	1178	19367
37826	1205	38129
38064	183	17467
20952	817	35434
35287	817	36881
12820	841	11871
35203	205	35457
19381	762	36061
18807	205	12362
13012	238	15670
19522	273	18682
36360	206	13850
36504	932	16945
12554	421	35470
13498	247	15242
15411	317	12492
19711	554	36183
20132	746	20578
14111	1205	18763
17308	435	14619
13718	382	17946
39511	772	38091
17126	729	15277
14763	382	20676
16750	932	10598
14441	205	11994
10545	932	10637
35896	209	36187
17614	366	16003
36381	849	12229
11248	630	16100
11858	254	18708
36051	1218	11166
19552	1125	37069
20177	473	12316
39072	473	20004
14548	613	36608
10505	1080	12441
35207	932	19692
37518	992	19100
10796	391	14584
15296	44	35748
16711	785	10660
39230	574	10826
39305	927	19264
17430	932	16945
15207	932	19692
11513	653	17478
37607	273	19703
14977	324	38662
38996	195	13079
10796	391	17742
36638	421	38738
19442	382	15995
12856	1118	11098
15737	552	35572
36624	1205	17610
19429	736	13897
16841	332	11032
13185	382	36179
12605	577	11598
37972	1205	36946
16585	382	19629
18225	240	18422
10637	502	11658
16444	1080	11355
35307	1205	35915
13427	196	16006
11766	1205	16422
17662	1205	35330
17737	1080	38845
38756	1284	12802
37210	1205	12332
16019	1132	16719
15319	315	12722
20955	227	13556
13602	445	17415
37771	1060	39463
12759	1205	20734
20183	1127	11148
15542	422	13831
36000	273	19633
10988	209	13286
16288	645	17652
37661	677	12595
18244	398	18244
20360	421	19362
19899	932	19434
37325	1080	36159
38023	932	16945
10884	657	11907
17226	397	38315
37301	907	38090
13167	588	35177
18675	1127	36146
20354	613	20823
39186	932	10598
18622	932	19692
18916	1205	13196
14096	681	12595
35321	382	18700
15316	907	15163
17395	552	37775
35387	209	15596
38185	1205	16422
11503	657	16953
37407	932	19692
15372	205	11562
10724	205	20547
12050	232	17253
18760	195	16651
18115	382	38167
17243	160	12097
14027	241	17386
16723	954	19186
16564	577	14969
17108	218	12918
17947	200	12690
10611	772	13044
37869	932	19692
36309	657	13698
19452	397	15231
36439	209	19687
12801	520	12345
37210	1205	19761
35817	382	16582
38012	500	35892
13518	1205	14016
14698	552	39080
39305	927	16779
37079	498	12785
39590	435	16209
36112	1080	11689
20243	630	14575
38425	382	19468
20043	463	18466
16590	932	19692
20201	473	19616
37085	121	16866
35551	382	35307
35731	1127	18649
13615	969	19524
18974	384	20019
15652	717	20731
36382	205	35457
19989	1074	35154
17134	247	14417
19132	1178	20063
36629	247	35978
17485	932	19692
15744	632	35365
19950	670	37186
20866	220	12785
37267	932	16945
11167	121	35903
19196	206	17533
11219	1282	14713
35476	247	20150
19983	520	20089
38375	198	18708
13799	169	12492
20955	772	17889
38655	932	19692
17639	862	10660
10795	273	37549
38443	969	13823
19824	435	20214
38101	932	18911
15446	1205	35915
37781	762	39186
18681	1074	20297
39365	1164	35154
11565	932	10598
10609	729	15118
15686	1244	18484
19100	567	12278
37945	209	14417
12172	628	11408
16184	191	19742
15891	1205	11096
17302	973	16488
36320	862	19691
19453	1211	12239
37532	441	16577
16585	1109	10649
38445	338	16793
19674	932	19692
11506	932	37364
15910	458	13850
37437	746	20494
37858	705	36328
13582	785	11995
12026	729	35718
14791	630	20421
12940	924	11098
36284	923	20420
37159	932	19692
17131	382	13675
15598	220	19355
20376	932	12330
13090	382	12316
