684	11184
4221	14721
2765	13265
21343	39146
4456	14956
7776	18276
8305	18805
3680	14180
6128	16628
23405	38909
22700	37680
21446	35801
9672	20172
304	10804
23908	37516
8940	19440
5495	15995
4578	15078
24692	38593
24680	38850
7610	18110
23755	38095
1365	11865
4845	15345
3338	13838
22262	35962
22401	36291
486	10986
22151	39461
10151	20651
1120	11620
22924	37105
24956	38030
10020	20520
7452	17952
22440	37457
794	11294
6283	16783
4511	15011
6858	17358
9849	20349
8182	18682
24335	39177
8270	18770
22382	38268
1616	12116
2445	12945
21412	38910
2752	13252
4142	14642
22916	36110
8775	19275
5124	15624
6930	17430
412	10912
8489	18989
23427	35447
9081	19581
25187	38774
8179	18679
4118	14618
5951	16451
1562	12062
7013	17513
1572	12072
23186	39229
2339	12839
9607	20107
23134	35216
21188	38028
23822	37847
8872	19372
9461	19961
3718	14218
5096	15596
8302	18802
22081	36864
5434	15934
21353	37092
21857	39247
4545	15045
1371	11871
4863	15363
25067	38928
4084	14584
3808	14308
22206	37351
5263	15763
6645	17145
7953	18453
9610	20110
5033	15533
9855	20355
295	10795
1989	12489
9825	20325
8494	18994
8608	19108
1987	12487
24408	39430
9435	19935
22125	39310
23209	36387
3696	14196
3381	13881
2596	13096
4652	15152
5588	16088
5768	16268
21896	38575
6063	16563
6151	16651
3645	14145
21296	38404
5381	15881
4920	15420
2224	12724
32	10532
6389	16889
24486	36837
3201	13701
5062	15562
6753	17253
1443	11943
10349	20849
24108	36715
8445	18945
24653	37152
9484	19984
6975	17475
22491	38403
8895	19395
1264	11764
6159	16659
5804	16304
338	10838
22093	37937
6003	16503
21130	39314
7901	18401
1292	11792
21739	36326
5470	15970
3383	13883
23759	37829
5284	15784
6082	16582
23499	38452
4618	15118
5775	16275
25128	37711
24931	37701
24903	38485
3946	14446
4097	14597
22129	37190
4015	14515
7734	18234
21929	38728
24527	38746
8350	18850
4741	15241
9116	19616
3583	14083
21038	38351
7687	18187
21073	38375
7116	17616
21525	36535
22136	39140
7424	17924
4945	15445
6310	16810
22882	38128
5703	16203
24702	36795
24	10524
3359	13859
25070	36604
2557	13057
21983	38279
5802	16302
1799	12299
6828	17328
2634	13134
4547	15047
5445	15945
5913	16413
10054	20554
2365	12865
1167	11667
695	11195
1641	12141
2025	12525
9552	20052
23934	38560
6288	16788
3495	13995
4195	14695
807	11307
8485	18985
1379	11879
100	10600
6424	16924
6139	16639
22400	38334
4496	14996
1725	12225
855	11355
2741	13241
4476	14976
3646	14146
4482	14982
9371	19871
8554	19054
9599	20099
2043	12543
21255	36442
24575	37759
10470	20970
4989	15489
22578	35908
3543	14043
21242	35300
8977	19477
9058	19558
272	10772
9793	20293
21139	36800
5612	16112
7754	18254
24535	38735
23233	38906
9267	19767
3501	14001
23940	35891
10492	20992
21563	36564
1779	12279
4757	15257
4492	14992
7065	17565
785	11285
3768	14268
23291	38865
7676	18176
7966	18466
2178	12678
8829	19329
7744	18244
2269	12769
3106	13606
9133	19633
4762	15262
6341	16841
9726	20226
24293	36458
6250	16750
4410	14910
23720	37557
24679	37290
1967	12467
8058	18558
1346	11846
9627	20127
22614	36153
24321	37699
1532	12032
6427	16927
21570	39607
22683	35367
3520	14020
2543	13043
843	11343
6967	17467
21889	35460
10478	20978
4323	14823
23063	37736
23608	38121
24092	38545
23323	36623
3702	14202
24093	38883
8731	19231
8597	19097
4269	14769
859	11359
21488	36430
6996	17496
10376	20876
10116	20616
21424	35241
5164	15664
5419	15919
732	11232
2704	13204
4303	14803
1410	11910
6976	17476
5473	15973
8431	18931
3038	13538
4574	15074
24640	36193
6882	17382
1998	12498
21153	36182
4986	15486
10198	20698
9805	20305
4542	15042
92	10592
22223	37488
6432	16932
21924	38388
3586	14086
21097	38924
1102	11602
21027	35500
5627	16127
1344	11844
5056	15556
560	11060
6271	16771
1055	11555
8361	18861
7448	17948
8204	18704
1556	12056
24272	37503
3515	14015
23824	36644
8012	18512
22518	35442
1527	12027
9123	19623
2192	12692
5541	16041
4766	15266
247	10747
21707	36698
24920	37146
10416	20916
1027	11527
6204	16704
5764	16264
22984	37556
3310	13810
23220	36217
10272	20772
5444	15944
4301	14801
1386	11886
5205	15705
955	11455
10359	20859
4598	15098
24176	38448
700	11200
7544	18044
22607	38215
22040	39027
8411	18911
43	10543
6761	17261
4702	15202
2853	13353
1795	12295
6885	17385
2139	12639
23115	37299
2638	13138
23494	36145
25043	36958
1179	11679
367	10867
765	11265
8573	19073
25080	38355
2460	12960
7115	17615
1062	11562
5915	16415
2398	12898
9074	19574
7162	17662
8219	18719
21726	36502
7924	18424
5504	16004
21068	36192
4068	14568
21176	39386
2201	12701
5393	15893
3092	13592
5008	15508
21982	39513
2901	13401
6314	16814
23804	36380
23017	39572
4359	14859
23132	35784
7618	18118
24230	35853
24016	37101
1313	11813
3978	14478
5112	15612
3777	14277
7604	18104
4550	15050
4039	14539
4246	14746
7992	18492
5448	15948
21980	38038
22580	39060
2834	13334
9083	19583
4570	15070
3330	13830
4119	14619
24587	37378
5128	15628
5097	15597
2367	12867
6291	16791
10310	20810
22467	37866
21281	36253
7844	18344
22603	37312
9558	20058
763	11263
24282	36377
3115	13615
22193	38825
4648	15148
7258	17758
628	11128
313	10813
4263	14763
22881	37545
862	11362
23258	39551
8046	18546
1583	12083
8346	18846
7110	17610
22021	38854
24086	38675
23884	39141
1966	12466
8212	18712
1334	11834
25352	36678
9785	20285
7314	17814
3527	14027
9324	19824
10391	20891
3846	14346
9909	20409
9493	19993
9421	19921
6705	17205
7766	18266
3620	14120
22420	35268
7123	17623
5841	16341
2851	13351
6920	17420
753	11253
23807	37841
23457	38801
4650	15150
168	10668
3787	14287
5963	16463
1235	11735
23913	37515
7516	18016
24497	37763
6219	16719
1325	11825
22534	35166
22793	39165
2818	13318
24582	35852
23943	35454
21754	38444
5836	16336
9466	19966
6366	16866
3891	14391
2840	13340
2998	13498
2864	13364
3977	14477
5900	16400
2990	13490
9285	19785
23282	38751
8526	19026
5922	16422
160	10660
2859	13359
5221	15721
25025	37566
23078	37358
21907	38961
22946	35791
22252	37967
21126	36762
24667	39489
21090	38510
976	11476
1475	11975
6176	16676
10100	20600
23719	35463
21706	35648
23148	39397
439	10939
22851	39437
7054	17554
1090	11590
24132	39341
23295	36129
3001	13501
5853	16353
1254	11754
1768	12268
6382	16882
4944	15444
664	11164
23112	37543
8143	18643
2090	12590
21511	39608
1470	11970
25386	35556
7120	17620
21890	39523
25480	35533
663	11163
10457	20957
7994	18494
2478	12978
9846	20346
5600	16100
23926	35668
7850	18350
1455	11955
8638	19138
7630	18130
7995	18495
24547	39160
9017	19517
2285	12785
21454	35917
4663	15163
6064	16564
23121	39159
22879	36124
23311	38461
1494	11994
24285	36475
25344	38752
7632	18132
8558	19058
8839	19339
7763	18263
9001	19501
2692	13192
458	10958
24552	38505
21664	35356
21551	36082
2030	12530
5238	15738
3905	14405
24543	36073
3590	14090
56	10556
1213	11713
9439	19939
9683	20183
8908	19408
5029	15529
6166	16666
7582	18082
21114	38417
216	10716
3297	13797
5658	16158
2892	13392
9193	19693
7959	18459
4397	14897
22456	36294
8807	19307
8867	19367
716	11216
4209	14709
5675	16175
1862	12362
549	11049
22913	38185
10452	20952
24440	37074
23723	39515
6561	17061
23504	37385
3180	13680
213	10713
3300	13800
2076	12576
3988	14488
25161	35776
1877	12377
914	11414
2320	12820
6438	16938
23162	36383
25341	35567
6460	16960
3979	14479
23982	38747
3825	14325
7163	17663
21206	37955
6349	16849
9807	20307
23770	39236
767	11267
6293	16793
23146	35582
8188	18688
3269	13769
24549	37231
23320	38211
10243	20743
3524	14024
7920	18420
21408	36886
1943	12443
9811	20311
2212	12712
22884	37253
1920	12420
6718	17218
8801	19301
9236	19736
23768	37974
22694	35416
9087	19587
7356	17856
5489	15989
1756	12256
826	11326
7549	18049
5310	15810
24949	36985
3336	13836
4879	15379
8483	18983
8371	18871
22889	39419
9732	20232
1635	12135
8006	18506
4213	14713
582	11082
3127	13627
24553	35355
2958	13458
24812	38649
23639	39134
3438	13938
7801	18301
2386	12886
24317	36589
25464	36579
25373	38411
21141	35224
25188	37466
5908	16408
23528	38627
21235	36471
24012	38805
24487	38115
22635	35577
24824	38163
3685	14185
306	10806
8209	18709
22029	36833
6173	16673
24811	36097
666	11166
9179	19679
21207	36200
9544	20044
21173	36929
21630	35716
24852	35227
9327	19827
6868	17368
326	10826
5057	15557
5956	16456
4257	14757
5538	16038
9719	20219
21181	38600
9810	20310
3047	13547
10229	20729
285	10785
2348	12848
2946	13446
8687	19187
24978	35774
21174	35322
24636	39617
22345	35998
2147	12647
6387	16887
869	11369
5518	16018
22665	37377
23043	35425
1935	12435
3112	13612
6085	16585
9939	20439
661	11161
22008	36573
21431	39290
23920	37296
2355	12855
21504	39187
10094	20594
21109	36973
10271	20771
21701	37071
5923	16423
21128	36158
23837	35807
8532	19032
22505	37690
3315	13815
22158	36576
5686	16186
25142	37820
1462	11962
1621	12121
6985	17485
21286	36860
8108	18608
25422	36980
3866	14366
22418	39219
1519	12019
7159	17659
9120	19620
9639	20139
10224	20724
3339	13839
23950	38844
9260	19760
7483	17983
2177	12677
6312	16812
4043	14543
1491	11991
24120	38408
9714	20214
8833	19333
8367	18867
2165	12665
9916	20416
7242	17742
8855	19355
3794	14294
23872	36344
2207	12707
6588	17088
23094	37363
22559	37624
10065	20565
23618	38353
9071	19571
6933	17433
2684	13184
21745	36131
6935	17435
3427	13927
772	11272
22701	35615
6195	16695
24455	37835
9481	19981
463	10963
21089	36849
10451	20951
22590	36152
5280	15780
7308	17808
24963	38385
21035	37222
445	10945
3125	13625
10210	20710
380	10880
21828	36022
488	10988
8028	18528
670	11170
21062	38470
6993	17493
2643	13143
4351	14851
23558	37350
3371	13871
3788	14288
5725	16225
6953	17453
3778	14278
4055	14555
7691	18191
22761	39272
8942	19442
4210	14710
21458	39230
24838	38716
23065	37464
21030	38161
2943	13443
8060	18560
8394	18894
23810	38886
25431	35335
9988	20488
1832	12332
24198	35565
6469	16969
5241	15741
3012	13512
24914	38103
22796	35398
22475	35645
24062	39189
4891	15391
1225	11725
8241	18741
23972	37521
4925	15425
24608	38585
851	11351
7647	18147
1620	12120
25402	37308
7783	18283
5082	15582
6837	17337
5166	15666
10088	20588
21028	35529
24845	37297
6062	16562
7440	17940
8650	19150
7892	18392
24131	36406
2651	13151
1704	12204
2396	12896
1541	12041
7747	18247
24803	37347
7879	18379
5901	16401
22840	37601
1745	12245
4770	15270
2989	13489
3147	13647
23482	36366
6634	17134
3154	13654
22843	39595
21654	36412
4638	15138
3640	14140
4004	14504
8151	18651
6534	17034
9657	20157
24621	36297
25231	36756
2422	12922
3679	14179
8747	19247
1977	12477
6051	16551
1189	11689
4229	14729
24452	37930
6651	17151
23252	38606
7139	17639
1669	12169
600	11100
24538	39502
24588	37709
4100	14600
22115	36785
5738	16238
21553	38199
3647	14147
23218	35810
4048	14548
2928	13428
4552	15052
7505	18005
22035	35321
23371	37902
21433	39248
9273	19773
5822	16322
23587	36334
3888	14388
24740	37412
22236	35601
4051	14551
2685	13185
24334	38605
23408	37755
22661	35411
564	11064
303	10803
7530	18030
975	11475
21768	38052
24618	39118
2711	13211
24110	38364
3206	13706
21972	36593
24210	37807
9034	19534
2098	12598
9008	19508
21468	36137
4471	14971
418	10918
8595	19095
7842	18342
10277	20777
3107	13607
25430	38682
2920	13420
21652	39266
25258	36566
4939	15439
21445	35298
10213	20713
7934	18434
2234	12734
1921	12421
2793	13293
4588	15088
9543	20043
5079	15579
6375	16875
23340	38671
22203	36081
5491	15991
21145	35782
22808	37250
9527	20027
5907	16407
7851	18351
9663	20163
4634	15134
2222	12722
21621	38696
2356	12856
23318	39609
3057	13557
25254	35894
8816	19316
6915	17415
9131	19631
4326	14826
4289	14789
5863	16363
22504	35617
21200	36646
1525	12025
21834	35968
8921	19421
24100	39468
5135	15635
137	10637
2173	12673
24031	38965
22874	38376
4240	14740
5572	16072
22376	39181
4186	14686
3363	13863
22779	36539
5895	16395
8641	19141
22445	36594
2250	12750
2252	12752
4980	15480
8631	19131
8155	18655
22378	38257
6654	17154
1236	11736
7513	18013
9941	20441
22112	37473
8860	19360
2493	12993
22071	36556
22535	37401
9504	20004
23654	36483
3082	13582
9186	19686
1785	12285
9949	20449
9211	19711
249	10749
477	10977
21475	35632
3943	14443
5435	15935
1234	11734
30	10530
22349	35221
5208	15708
9262	19762
5909	16409
7029	17529
1495	11995
7172	17672
4712	15212
23116	39592
21975	35443
24556	39345
9896	20396
123	10623
25116	39077
10469	20969
1610	12110
25214	36635
6004	16504
4152	14652
6631	17131
21684	36954
5746	16246
10203	20703
4662	15162
6735	17235
1423	11923
23939	37757
2812	13312
21318	36684
25230	35833
8604	19104
3133	13633
8487	18987
24045	36945
21413	38325
7349	17849
1106	11606
21439	36911
6851	17351
21270	36041
6671	17171
9368	19868
9554	20054
10127	20627
845	11345
6607	17107
7042	17542
9835	20335
2440	12940
8224	18724
22710	36869
1657	12157
231	10731
2541	13041
6378	16878
6218	16718
25334	37685
145	10645
21420	38458
2813	13313
1662	12162
4433	14933
1268	11768
4003	14503
10122	20622
3382	13882
340	10840
8260	18760
22240	37068
7020	17520
3841	14341
3354	13854
22243	37416
3701	14201
10476	20976
2302	12802
899	11399
5987	16487
2420	12920
2983	13483
2458	12958
9046	19546
9261	19761
3709	14209
7498	17998
23818	39033
4388	14888
1302	11802
1727	12227
21053	39294
6272	16772
22709	36786
8154	18654
8342	18842
1174	11674
10489	20989
8953	19453
6331	16831
7228	17728
4862	15362
2635	13135
1868	12368
385	10885
3102	13602
3772	14272
2809	13309
8683	19183
3863	14363
22790	35522
23503	35476
25309	35731
5411	15911
4693	15193
2709	13209
10096	20596
24682	35424
10189	20689
25089	36343
1250	11750
7905	18405
22831	37000
4758	15258
24611	36575
691	11191
3802	14302
6174	16674
2442	12942
1185	11685
4122	14622
4379	14879
2277	12777
22711	37667
9584	20084
983	11483
8149	18649
24033	38523
22585	36832
25370	38391
5502	16002
24322	39274
22315	35306
4567	15067
3689	14189
5410	15910
25051	38104
3775	14275
4044	14544
1655	12155
24162	39328
5618	16118
23557	38642
4239	14739
2617	13117
4291	14791
39	10539
23576	37997
7982	18482
9379	19879
6483	16983
22737	35639
8508	19008
2981	13481
23518	36262
1499	11999
5949	16449
4162	14662
5858	16358
9880	20380
10302	20802
598	11098
5299	15799
7652	18152
23450	36146
23901	37391
22326	35750
2850	13350
25314	36382
6367	16867
9391	19891
1218	11718
22381	38771
3457	13957
24631	38750
8881	19381
6638	17138
9140	19640
23922	37379
2862	13362
2259	12759
23886	39078
6185	16685
24281	39043
8197	18697
7526	18026
9424	19924
24368	35793
21674	35813
24468	38553
22549	37446
3141	13641
8061	18561
451	10951
682	11182
3817	14317
4568	15068
6987	17487
24578	39601
7644	18144
3800	14300
7922	18422
2791	13291
23290	35581
4779	15279
3389	13889
9937	20437
7036	17536
8632	19132
627	11127
22780	36015
3843	14343
22410	37404
23914	37886
24419	37130
7931	18431
1953	12453
8074	18574
3821	14321
2283	12783
25046	35709
6998	17498
864	11364
4254	14754
3874	14374
8192	18692
21735	39243
24710	37169
10193	20693
3175	13675
3786	14286
8315	18815
22471	38722
1152	11652
2579	13079
6450	16950
8086	18586
10062	20562
5573	16073
6396	16896
6787	17287
22351	38151
21802	39420
10074	20574
3256	13756
4551	15051
22776	36668
22606	36479
8711	19211
6339	16839
5717	16217
21505	36115
9183	19683
7488	17988
4519	15019
1390	11890
3171	13671
5404	15904
1191	11691
4113	14613
1373	11873
9873	20373
5180	15680
23396	35270
24730	36647
23191	35432
5744	16244
364	10864
7059	17559
1597	12097
22459	38014
3041	13541
24674	36374
1166	11666
21120	36811
7972	18472
3351	13851
21763	37242
6434	16934
1994	12494
22797	35893
4038	14538
10019	20519
2542	13042
9500	20000
898	11398
10180	20680
25097	35379
7243	17743
7179	17679
2910	13410
23978	36019
139	10639
21644	36798
5724	16224
21210	37161
8002	18502
24994	36443
1752	12252
1739	12239
9570	20070
791	11291
24946	38670
9353	19853
21088	38119
2156	12656
2786	13286
9620	20120
6138	16638
4439	14939
4828	15328
1968	12468
8039	18539
10426	20926
7325	17825
7949	18449
9242	19742
9743	20243
22153	38496
21727	36241
6223	16723
224	10724
4616	15116
1219	11719
9059	19559
9826	20326
25066	37791
6237	16737
23826	38645
3744	14244
21790	37304
9517	20017
6468	16968
8275	18775
22299	36388
24363	37655
10112	20612
8863	19363
5183	15683
24001	39239
3094	13594
1861	12361
23659	35697
7447	17947
21047	35361
24832	37915
21052	35494
24770	35518
1363	11863
22224	36070
22530	36163
22899	37857
4182	14682
5684	16184
21626	36108
10238	20738
5047	15547
7302	17802
1343	11843
5371	15871
21867	38220
8264	18764
7668	18168
6743	17243
5884	16384
1926	12426
25337	37609
6143	16643
21922	39620
5645	16145
3962	14462
21714	38759
21916	35470
1842	12342
1469	11969
8765	19265
917	11417
4975	15475
23372	36978
7446	17946
21058	36651
8208	18708
23900	37480
3713	14213
22090	36068
21697	36567
5103	15603
2109	12609
4198	14698
3927	14427
8571	19071
4014	14514
23231	38811
1692	12192
1909	12409
901	11401
21316	36714
6100	16600
5848	16348
23178	38324
5646	16146
300	10800
21836	36300
3940	14440
9312	19812
1604	12104
35	10535
24624	38136
9791	20291
6026	16526
7917	18417
24241	38687
24483	36836
79	10579
7640	18140
25419	35536
22290	35887
4429	14929
3289	13789
2378	12878
10055	20555
23393	36521
7332	17832
22705	35499
4832	15332
7467	17967
5788	16288
3644	14144
8730	19230
22282	39008
10215	20715
1829	12329
2314	12814
8836	19336
7119	17619
23187	35936
9220	19720
23152	37334
6946	17446
9216	19716
24839	37237
7502	18002
1501	12001
9800	20300
8085	18585
45	10545
9701	20201
6886	17386
5568	16068
22688	35559
24871	38386
25145	37326
23492	39079
23272	36607
5533	16033
25458	36630
161	10661
1446	11946
6125	16625
7400	17900
8150	18650
21005	35338
6044	16544
8365	18865
1689	12189
4362	14862
7906	18406
23210	35990
9737	20237
21093	37749
8052	18552
3668	14168
7174	17674
7237	17737
8514	19014
24827	37399
8244	18744
6127	16627
9659	20159
3990	14490
7911	18411
6152	16652
40	10540
7761	18261
2505	13005
3637	14137
4463	14963
24118	37561
805	11305
2197	12697
22650	36090
5143	15643
6513	17013
10285	20785
9337	19837
9832	20332
24467	35383
2351	12851
10253	20753
4531	15031
23877	37599
8614	19114
5780	16280
8759	19259
7566	18066
21751	38140
8796	19296
5172	15672
23394	37528
24855	39587
3738	14238
3740	14240
22019	37259
21272	38166
9187	19687
25199	36332
3598	14098
7152	17652
9589	20089
3882	14382
21050	37673
24266	38506
25217	36283
24509	36207
2345	12845
8695	19195
25218	37898
3494	13994
25009	35928
4422	14922
7884	18384
6246	16746
9995	20495
2228	12728
9968	20468
23657	35208
5440	15940
3398	13898
5113	15613
6704	17204
4025	14525
3395	13895
23461	38773
4284	14784
3525	14025
9518	20018
2071	12571
9278	19778
73	10573
749	11249
5505	16005
25467	37947
4999	15499
25195	37337
24937	37524
10366	20866
6713	17213
133	10633
7334	17834
1873	12373
252	10752
6620	17120
1550	12050
6838	17338
1619	12119
8952	19452
6740	17240
21041	35656
24632	38000
1144	11644
6190	16690
3198	13698
4967	15467
9505	20005
21406	37112
8460	18960
3528	14028
7936	18436
8417	18917
10389	20889
4773	15273
10066	20566
4513	15013
6622	17122
21920	35811
4850	15350
1577	12077
4661	15161
1726	12226
24057	35555
23571	38021
21337	37455
22166	38501
22369	37531
8626	19126
2049	12549
22752	39615
2153	12653
3240	13740
4469	14969
23250	35975
1266	11766
2849	13349
2373	12873
23672	36689
686	11186
4872	15372
8380	18880
22186	35878
1551	12051
8620	19120
5245	15745
22959	39127
4512	15012
4328	14828
23042	36997
5944	16444
9783	20283
2120	12620
996	11496
3178	13678
21591	35444
7832	18332
23423	39074
3042	13542
22012	36176
8636	19136
3018	13518
6108	16608
3466	13966
4457	14957
9762	20262
1296	11796
5955	16455
4753	15253
6602	17102
10003	20503
6451	16951
5051	15551
3321	13821
7389	17889
22861	36170
9024	19524
2744	13244
3481	13981
3163	13663
23867	35203
7206	17706
2114	12614
1056	11556
24848	36345
22921	38397
6045	16545
2539	13039
7827	18327
24542	37558
23698	36667
21627	38561
3657	14157
2298	12798
7639	18139
24010	37693
8782	19282
10090	20590
23875	35364
5197	15697
3200	13700
3574	14074
9902	20402
24432	37238
5413	15913
5898	16398
7951	18451
8896	19396
1110	11610
3886	14386
5758	16258
5867	16367
7558	18058
3566	14066
8454	18954
8360	18860
2317	12817
23455	36866
3600	14100
6001	16501
10176	20676
9860	20360
22309	35269
6608	17108
6606	17106
4892	15392
24431	35821
8934	19434
1701	12201
22260	36273
1992	12492
1614	12114
9712	20212
138	10638
8938	19438
23775	37076
22803	38989
197	10697
5038	15538
6596	17096
5436	15936
21692	36856
2437	12937
3610	14110
476	10976
22230	37201
23477	38340
8736	19236
8247	18747
8684	19184
9751	20251
23879	38864
9212	19712
443	10943
719	11219
6230	16730
9806	20306
1647	12147
10078	20578
3519	14019
22347	36305
25114	37519
4029	14529
462	10962
21625	36890
6630	17130
372	10872
8282	18782
24169	38559
10154	20654
4075	14575
3044	13544
3761	14261
2897	13397
8574	19074
9250	19750
10159	20659
5519	16019
8891	19391
3456	13956
24395	39388
5066	15566
8319	18819
21383	39209
21393	37353
25012	39463
9088	19588
21961	37002
25072	35183
9756	20256
262	10762
23192	36499
5970	16470
3081	13581
8670	19170
10357	20857
3397	13897
9445	19945
9184	19684
5244	15744
4468	14968
6673	17173
9972	20472
8656	19156
3880	14380
1393	11893
6721	17221
2115	12615
4976	15476
21144	38146
21661	37024
8468	18968
9963	20463
22032	37059
24471	37499
22480	36940
527	11027
7247	17747
9536	20036
324	10824
3194	13694
22041	37781
8186	18686
5790	16290
6273	16773
4751	15251
9901	20401
24469	36659
21402	37497
10294	20794
24247	38020
6583	17083
22531	35790
21688	35959
2446	12946
253	10753
23177	36206
6487	16987
24204	37476
504	11004
23550	38879
10182	20682
8677	19177
25311	39391
5925	16425
21976	35302
3714	14214
5934	16434
2101	12601
9604	20104
7003	17503
6433	16933
3636	14136
809	11309
24595	36431
9585	20085
1903	12403
25123	35875
9979	20479
3344	13844
22217	38669
1073	11573
350	10850
10459	20959
23545	38768
22272	36101
7834	18334
8292	18792
23598	36139
24105	39175
2806	13306
6795	17295
2515	13015
23322	38868
24572	36516
10363	20863
10425	20925
22537	35236
24101	37433
6567	17067
6	10506
21819	36921
3307	13807
2054	12554
882	11382
23625	36444
3065	13565
3303	13803
4645	15145
24626	39645
10381	20881
24716	37933
9235	19735
6066	16566
709	11209
22469	38484
9862	20362
1975	12475
5662	16162
6411	16911
8968	19468
21452	35717
797	11297
24750	37936
21442	35779
4375	14875
4396	14896
24286	35902
4007	14507
4530	15030
1352	11852
5155	15655
25420	37824
21606	35524
9764	20264
23514	38572
881	11381
2948	13448
563	11063
21184	36803
1154	11654
24932	35819
2650	13150
10061	20561
10071	20571
8132	18632
23095	39045
23621	36209
402	10902
21332	35390
2848	13348
2237	12737
8280	18780
2226	12726
24707	36169
296	10796
6891	17391
7849	18349
1734	12234
5463	15963
6121	16621
23767	36121
6817	17317
9457	19957
8175	18675
7118	17618
841	11341
10374	20874
24088	36877
9022	19522
22371	38570
7486	17986
23221	36491
9145	19645
4590	15090
610	11110
1760	12260
5018	15518
781	11281
23693	38822
24462	39245
2753	13253
6841	17341
6294	16794
945	11445
4042	14542
1223	11723
2716	13216
21135	35377
3785	14285
5358	15858
5674	16174
10199	20699
7281	17781
23709	37249
24799	36561
21736	37367
1611	12111
354	10854
8624	19124
1064	11564
3502	14002
6324	16824
23916	36361
2349	12849
5222	15722
21585	39031
9192	19692
24975	36842
22920	39199
4889	15389
23527	38571
6893	17393
21774	37472
2008	12508
1617	12117
21884	38737
1961	12461
10244	20744
5673	16173
21719	35883
2996	13496
7497	17997
6626	17126
21352	35705
5309	15809
6501	17001
21249	39273
23355	37434
7986	18486
3805	14305
6783	17283
1729	12229
22202	38310
21390	38882
4529	15029
3913	14413
3612	14112
7450	17950
24866	39164
3271	13771
21830	36219
5563	16063
23414	39577
5557	16057
6445	16945
22611	35513
23676	38395
4327	14827
2748	13248
6971	17471
3526	14026
7581	18081
24560	35688
21043	36282
6216	16716
8819	19319
2287	12787
8783	19283
2335	12835
9947	20447
9679	20179
6887	17387
5978	16478
6725	17225
5009	15509
25164	37467
2434	12934
22279	35808
7380	17880
3282	13782
398	10898
22647	35266
22132	39265
4282	14782
24989	35712
8642	19142
5742	16242
24200	36410
7167	17667
8584	19084
828	11328
21192	35172
24563	38833
23301	37463
7680	18180
10461	20961
7363	17863
23278	38254
10095	20595
678	11178
23077	39481
1013	11513
23969	37093
4626	15126
7978	18478
2613	13113
23599	38120
4820	15320
24800	38258
3781	14281
21444	38412
1300	11800
55	10555
23111	37646
2924	13424
8285	18785
4491	14991
495	10995
21065	36275
25452	38233
6819	17319
2815	13315
8326	18826
4179	14679
2956	13456
23696	35884
3790	14290
23360	37246
3564	14064
1761	12261
9658	20158
22105	37761
24524	36987
4822	15322
24515	36538
4926	15426
1722	12222
7866	18366
3682	14182
6385	16885
109	10609
24443	36742
3279	13779
1221	11721
6895	17395
2512	13012
9315	19815
4622	15122
8950	19450
3160	13660
5952	16452
8063	18563
919	11419
498	10998
25429	36063
4903	15403
23548	38150
21147	36021
1808	12308
22564	39240
6067	16567
4393	14893
2561	13061
6023	16523
4653	15153
10056	20556
4083	14583
9492	19992
23053	37922
1672	12172
22670	37970
5157	15657
238	10738
22001	37361
1710	12210
6896	17396
5186	15686
3331	13831
335	10835
1721	12221
24677	38677
23858	36976
5405	15905
3851	14351
2788	13288
3483	13983
7667	18167
1038	11538
4640	15140
1504	12004
1360	11860
2584	13084
1568	12068
2141	12641
22811	36583
315	10815
22932	36116
390	10890
21469	38276
25416	36910
6165	16665
2936	13436
9641	20141
703	11203
25136	39185
3209	13709
21098	38915
1188	11688
1575	12075
217	10717
1854	12354
7183	17683
4656	15156
4437	14937
8388	18888
21682	36951
23088	37630
23973	36067
24854	37921
977	11477
9943	20443
23800	36369
10242	20742
24551	37830
24055	37339
966	11466
4800	15300
2994	13494
9025	19525
25486	36118
5982	16482
7678	18178
24536	35412
6799	17299
21579	37958
3329	13829
4940	15440
6944	17444
22731	35381
24401	36024
23334	35719
6112	16612
6742	17242
8475	18975
21083	36420
1764	12264
1703	12203
6391	16891
23292	36047
6473	16973
25163	38509
1914	12414
7794	18294
2075	12575
21722	37637
8884	19384
2964	13464
22930	36974
24650	39193
22205	35323
21676	38191
2885	13385
6360	16860
23287	36730
5048	15548
1944	12444
118	10618
6878	17378
9804	20304
22025	37006
3318	13818
2798	13298
22251	39264
6902	17402
21533	38803
8581	19081
25018	35245
22370	36307
7506	18006
23819	38480
4725	15225
8560	19060
3264	13764
2955	13455
4603	15103
5278	15778
7545	18045
7005	17505
5832	16332
5877	16377
8787	19287
21026	35846
22967	39331
4059	14559
10464	20964
1742	12242
21634	38416
8802	19302
7499	17999
2510	13010
25284	36045
8911	19411
23185	36878
5011	15511
25156	36353
2968	13468
2573	13073
24129	38283
7031	17531
10261	20761
5177	15677
21829	37721
9459	19959
9399	19899
4793	15293
21380	36519
9978	20478
24729	39168
3531	14031
3193	13693
578	11078
22268	38842
21897	35282
23175	39288
4571	15071
24499	36863
21876	38250
8915	19415
8098	18598
25210	37295
22858	38872
22748	36349
1514	12014
107	10607
21510	37831
6972	17472
4234	14734
3903	14403
2832	13332
21558	39570
22137	38985
4391	14891
3553	14053
23135	38977
21508	36436
23496	37918
7233	17733
6132	16632
7333	17833
8761	19261
7150	17650
3654	14154
24437	35755
4841	15341
22294	35980
5526	16026
21997	38143
22854	38042
10111	20611
21479	35311
2801	13301
22888	37244
8426	18926
7674	18174
8287	18787
970	11470
23843	37223
10162	20662
5	10505
22450	38602
668	11168
2869	13369
24236	36122
7888	18388
24925	35433
10241	20741
4465	14965
22690	36738
21930	36065
5020	15520
1732	12232
25445	39541
8089	18589
5356	15856
9920	20420
7419	17919
21858	37332
1370	11870
10174	20674
4159	14659
24063	37091
3593	14093
455	10955
5313	15813
21632	39650
25454	36399
1066	11566
23006	35346
8087	18587
1289	11789
1158	11658
8156	18656
7157	17657
1737	12237
24909	36249
23559	35803
816	11316
9750	20250
1805	12305
5335	15835
9533	20033
3998	14498
4217	14717
2447	12947
23316	35699
25151	38816
2106	12606
22030	38624
22305	38493
5478	15978
8975	19475
25484	37069
22258	36661
5685	16185
24020	38912
1520	12020
4400	14900
6637	17137
174	10674
10067	20567
21598	35610
8461	18961
23497	35736
2894	13394
24518	39425
5288	15788
2614	13114
25124	37581
2911	13411
3643	14143
8073	18573
21491	38636
25353	36171
2190	12690
804	11304
22876	39465
21878	38618
22198	36628
3729	14229
21608	37700
21190	37302
2560	13060
7600	18100
1439	11939
8772	19272
23905	38538
5501	16001
9906	20406
7599	18099
9259	19759
24130	35521
4623	15123
10130	20630
5550	16050
8424	18924
10260	20760
9844	20344
6245	16745
25460	39020
8162	18662
4520	15020
10468	20968
1184	11684
2084	12584
21253	35963
1183	11683
5794	16294
9281	19781
23087	38812
3692	14192
7571	18071
4946	15446
9694	20194
21872	38441
2773	13273
22543	38192
5752	16252
6041	16541
4921	15421
2772	13272
9530	20030
23073	35193
23196	35477
3573	14073
9852	20352
8598	19098
4572	15072
4271	14771
9740	20240
2656	13156
6251	16751
9321	19821
23467	37529
6808	17308
22947	36147
2086	12586
325	10825
5131	15631
754	11254
9331	19831
3769	14269
480	10980
834	11334
3417	13917
3868	14368
1715	12215
7615	18115
4556	15056
22925	38920
8416	18916
9950	20450
25169	36732
7775	18275
24059	38714
23217	35658
8630	19130
434	10934
5389	15889
9812	20312
2260	12760
9206	19706
8941	19441
9615	20115
1959	12459
21175	38695
23197	38558
1252	11752
4203	14703
1182	11682
23911	38997
22121	35572
6150	16650
4322	14822
2393	12893
2825	13325
21789	38838
5510	16010
25132	36897
5897	16397
3512	14012
4290	14790
7216	17716
21655	38986
1816	12316
22515	37013
4225	14725
3762	14262
22373	35802
24007	39119
10454	20954
4130	14630
9910	20410
4819	15319
21110	39320
25071	38066
2686	13186
3898	14398
9986	20486
7295	17795
21792	38503
798	11298
5964	16464
24191	37139
3235	13735
9624	20124
505	11005
2456	12956
683	11183
21154	35608
3056	13556
6555	17055
1058	11558
22170	37888
8211	18711
954	11454
8541	19041
24119	38531
4408	14908
5027	15527
206	10706
24775	39354
9715	20215
2331	12831
10264	20764
3596	14096
7894	18394
9771	20271
5498	15998
200	10700
24102	35638
724	11224
21783	39076
3410	13910
24834	38433
9717	20217
25023	35946
23918	36506
22990	36172
5582	16082
1123	11623
4687	15187
8622	19122
5821	16321
23420	35652
9499	19999
21067	38519
25415	37150
9052	19552
1395	11895
25236	36489
3479	13979
24449	36913
365	10865
24464	39416
7967	18467
22099	37816
565	11065
735	11235
9754	20254
23606	38157
9822	20322
6728	17228
22769	38088
10293	20793
5206	15706
24917	36434
23208	38959
25077	36004
203	10703
7357	17857
21956	37925
1748	12248
7414	17914
25000	39453
2528	13028
23086	38092
1936	12436
9064	19564
23583	38425
24847	38204
25499	35530
7848	18348
22846	38195
23130	35931
8502	19002
5592	16092
10164	20664
8732	19232
7693	18193
22944	37040
23734	38516
22320	37438
8652	19152
23299	36337
21291	35660
9349	19849
8122	18622
2776	13276
1711	12211
822	11322
7097	17597
6800	17300
4764	15264
23263	38008
8814	19314
4585	15085
22814	36779
2667	13167
23326	37129
10379	20879
5344	15844
1787	12287
21731	39212
9299	19799
24214	35926
5564	16064
23634	37333
23839	37769
7261	17761
7810	18310
5372	15872
795	11295
465	10965
23253	36676
2000	12500
5209	15709
7739	18239
2304	12804
4440	14940
2691	13191
8696	19196
7704	18204
355	10855
24447	35694
24970	38069
21958	37800
1830	12330
21539	37402
9702	20202
9080	19580
5745	16245
9994	20494
22117	35226
24607	38730
8754	19254
22388	35778
9450	19950
5506	16006
4589	15089
25490	36883
3773	14273
637	11137
2852	13352
2763	13263
3052	13552
9091	19591
21521	37858
3192	13692
10498	20998
23364	36847
648	11148
7722	18222
25372	36181
9821	20321
7971	18471
22765	37960
25364	35903
3742	14242
21355	39114
6400	16900
8862	19362
6281	16781
8359	18859
68	10568
3816	14316
7244	17744
24206	38757
6801	17301
21617	37587
8879	19379
4467	14967
25409	38034
9392	19892
3040	13540
21877	35347
22355	37868
21529	36602
22909	35159
1022	11522
1869	12369
25150	37682
4955	15455
23202	37861
10014	20514
9514	20014
2172	12672
908	11408
2015	12515
9177	19677
2347	12847
9119	19619
25294	37634
1915	12415
6279	16779
226	10726
5966	16466
9269	19769
7613	18113
9935	20435
5677	16177
1100	11600
4251	14751
8815	19315
5065	15565
7839	18339
23888	37454
9686	20186
8314	18814
2941	13441
1517	12017
24229	36201
9494	19994
8985	19485
8266	18766
9029	19529
9129	19629
23439	39460
9964	20464
9563	20063
25290	39641
2203	12703
3892	14392
6981	17481
24237	38798
21696	38420
4483	14983
23376	36092
461	10961
21856	38051
24274	37104
21773	35439
21962	39124
8920	19420
10284	20784
25062	36935
6810	17310
3155	13655
3498	13998
24622	39103
8890	19390
24134	37318
22978	36658
1807	12307
1526	12026
25104	38507
25442	38845
808	11308
9700	20200
9489	19989
23138	37153
22060	37505
9255	19755
4752	15252
974	11474
84	10584
23596	39442
6656	17156
553	11053
6123	16623
3853	14353
70	10570
6292	16792
4157	14657
23390	38072
585	11085
7777	18277
7025	17525
23522	35788
24668	36840
7251	17751
4248	14748
1693	12193
7009	17509
22415	38994
8760	19260
22053	36693
21333	37730
812	11312
4472	14972
3952	14452
8576	19076
1990	12490
8544	19044
2624	13124
7736	18236
1922	12422
244	10744
2371	12871
7128	17628
9892	20392
9237	19737
4993	15493
24887	38367
3989	14489
3920	14420
25437	39449
8300	18800
23683	35685
408	10908
8572	19072
24836	36739
21636	39403
3104	13604
23632	35305
4477	14977
2413	12913
23783	39176
8764	19264
22408	37089
5847	16347
4997	15497
7583	18083
2073	12573
9109	19609
8278	18778
7046	17546
5609	16109
1132	11632
22031	39257
23885	37788
23100	36059
3195	13695
22572	38449
9653	20153
22362	36622
9605	20105
25261	39089
23183	35711
1833	12333
5946	16446
22615	38718
23613	37723
2216	12716
21578	35345
1601	12101
2482	12982
22365	38908
4312	14812
6720	17220
7114	17614
999	11499
7212	17712
530	11030
21724	35484
25369	36547
7984	18484
4735	15235
21978	37583
9960	20460
5499	15999
24145	37329
5352	15852
21195	39357
4173	14673
6733	17233
4742	15242
8727	19227
9249	19749
4474	14974
1762	12262
4023	14523
6180	16680
23303	35585
23147	35542
8756	19256
9248	19748
1249	11749
1749	12249
2789	13289
3878	14378
8653	19153
6962	17462
6136	16636
21394	38253
5556	16056
8442	18942
24006	35889
25319	35263
21104	38232
22568	37159
7661	18161
24788	35960
2677	13177
9912	20412
1750	12250
7977	18477
5362	15862
3641	14141
5488	15988
8166	18666
6693	17193
3809	14309
23003	36947
6610	17110
3546	14046
9181	19681
10153	20653
1466	11966
3355	13855
2536	13036
8009	18509
7602	18102
22439	36606
929	11429
8099	18599
23092	36810
7622	18122
9864	20364
717	11217
5275	15775
24717	39372
22521	38227
9519	20019
6813	17313
9515	20015
3443	13943
24354	38835
25160	37547
519	11019
24148	36354
1358	11858
12	10512
2299	12799
5044	15544
5279	15779
2062	12562
22638	37283
7993	18493
10191	20691
5831	16331
5308	15808
4927	15427
1908	12408
9126	19626
9483	19983
21855	38784
22308	36111
8913	19413
9084	19584
7673	18173
2129	12629
129	10629
9851	20351
2588	13088
9229	19729
4685	15185
3285	13785
8694	19194
2590	13090
1744	12244
5000	15500
6617	17117
8283	18783
624	11124
5188	15688
4350	14850
6695	17195
4515	15015
10431	20931
24404	38427
7125	17625
8637	19137
22389	35320
6160	16660
4668	15168
1778	12278
6978	17478
649	11149
736	11236
9031	19531
3136	13636
2666	13166
8307	18807
24155	37330
21319	37697
24919	37828
24540	38306
21574	38515
6759	17259
2033	12533
9623	20123
2179	12679
24573	37895
8013	18513
3374	13874
8786	19286
22893	37441
6947	17447
23082	36355
5493	15993
9718	20218
21693	36477
4934	15434
21142	36586
24324	35973
241	10741
66	10566
23023	37097
1048	11548
4969	15469
24861	38152
1109	11609
24773	35290
2610	13110
24414	37133
2256	12756
22479	39623
3544	14044
8019	18519
657	11157
10321	20821
239	10739
24027	37062
8601	19101
22648	38282
22335	38132
2354	12854
2315	12815
4781	15281
902	11402
22917	37916
7026	17526
6690	17190
4449	14949
3704	14204
24014	38674
8110	18610
261	10761
23097	36462
9270	19770
1402	11902
6913	17413
3720	14220
22833	37818
2917	13417
9921	20421
2597	13097
2688	13188
23410	39282
21951	36450
10234	20734
23493	35900
5227	15727
25239	37225
322	10822
10382	20882
22285	39275
9697	20197
21986	36545
19	10519
9082	19582
5042	15542
24485	39073
22896	35273
23304	38632
7648	18148
7500	18000
1772	12272
9425	19925
6639	17139
4080	14580
24240	39214
3506	14006
3124	13624
21756	36961
23817	38456
9488	19988
2725	13225
21487	35729
8242	18742
7875	18375
22500	35952
4719	15219
9790	20290
21261	35880
24375	38832
8751	19251
1822	12322
5700	16200
7902	18402
5006	15506
1492	11992
21798	39571
10146	20646
21451	39102
9526	20026
24550	36654
25435	38187
9326	19826
23378	36130
1407	11907
9413	19913
24226	37804
22735	36580
1086	11586
9990	20490
6689	17189
2243	12743
4035	14535
2219	12719
7918	18418
9398	19898
9854	20354
24995	35753
6033	16533
3098	13598
21989	36460
10471	20971
6164	16664
4514	15014
5242	15742
5374	15874
22510	38871
23986	37440
5052	15552
702	11202
6568	17068
24492	36941
4385	14885
10140	20640
25241	37445
6814	17314
1364	11864
9967	20467
6870	17370
22039	37839
21227	39270
21730	37185
7950	18450
6266	16766
24008	38993
7757	18257
24706	37345
3930	14430
2908	13408
23868	35622
5565	16065
21194	38245
7221	17721
4376	14876
4971	15471
8922	19422
2282	12782
1676	12176
24243	35428
301	10801
25032	37014
5153	15653
2872	13372
2336	12836
7134	17634
10113	20613
5426	15926
7712	18212
6370	16870
7279	17779
396	10896
8864	19364
21247	39111
4897	15397
9290	19790
22733	37282
1733	12233
23260	36050
2696	13196
9734	20234
8963	19463
2485	12985
3159	13659
2410	12910
3207	13707
6737	17237
2272	12772
6335	16835
9401	19901
21619	36226
3687	14187
24701	39295
5957	16457
23732	39136
22880	35514
9931	20431
21720	36026
22745	35732
4085	14585
4633	15133
22556	39289
23561	35318
5332	15832
4158	14658
7492	17992
5532	16032
24652	36636
9405	19905
9677	20177
2569	13069
21113	38473
10323	20823
8185	18685
5450	15950
22077	38828
21895	36992
8168	18668
22028	37869
6957	17457
1982	12482
9777	20277
10481	20981
23194	38612
1879	12379
24248	36119
6068	16568
24809	38267
8602	19102
5176	15676
7340	17840
10121	20621
4174	14674
21564	35553
5503	16003
5350	15850
8959	19459
2841	13341
734	11234
5837	16337
6254	16754
147	10647
25057	36288
4149	14649
24928	39163
22783	37578
99	10599
669	11169
24407	36033
1214	11714
10340	20840
1098	11598
25348	38392
1321	11821
24749	35954
5458	15958
3935	14435
1588	12088
2927	13427
24052	38041
8323	18823
21275	36531
111	10611
21204	39083
349	10849
6209	16709
3404	13904
3350	13850
4091	14591
22867	35407
9508	20008
3100	13600
3906	14406
1093	11593
21732	36728
9174	19674
7464	17964
23016	35912
22263	35745
2042	12542
7946	18446
1129	11629
2057	12557
9019	19519
23878	38316
1460	11960
21378	35881
4866	15366
8409	18909
9148	19648
22009	38435
6258	16758
5930	16430
1210	11710
22385	38423
21473	38679
5980	16480
24084	38592
5053	15553
2777	13277
3218	13718
7490	17990
24539	38494
1599	12099
25100	35415
2658	13158
4610	15110
25342	36615
22199	37418
9151	19651
9030	19530
1765	12265
10233	20733
9446	19946
5341	15841
7856	18356
10320	20820
4438	14938
148	10648
23544	37301
4960	15460
9458	19958
640	11140
706	11206
2736	13236
127	10627
21760	35551
8795	19295
3540	14040
23216	35214
5364	15864
8478	18978
22360	35552
7315	17815
4553	15053
10292	20792
22473	37963
22189	35330
1651	12151
3293	13793
2623	13123
1348	11848
21708	38555
8152	18652
25220	35906
3801	14301
22111	36517
24610	39414
21225	35453
6090	16590
796	11296
23757	37147
8352	18852
2301	12801
8853	19353
5173	15673
9121	19621
21385	39061
21991	38815
5781	16281
22152	38083
2534	13034
10455	20955
24413	35947
4110	14610
25473	36603
1507	12007
22497	37535
23019	39003
23422	35756
4124	14624
23426	38794
6278	16778
23701	38754
8965	19465
3184	13684
191	10691
25235	38795
7269	17769
3181	13681
25166	35611
22943	36408
3489	13989
4062	14562
21095	37145
5514	16014
3814	14314
4919	15419
6034	16534
6727	17227
5468	15968
25125	35633
2627	13127
22261	35665
24726	35701
6371	16871
21711	36570
3031	13531
23122	37115
24454	35190
10228	20728
5806	16306
21328	36490
7077	17577
6904	17404
3488	13988
22328	36873
24386	36650
5064	15564
8474	18974
4416	14916
9462	19962
22633	35279
1719	12219
3545	14045
3486	13986
22557	37801
22310	38221
1044	11544
5397	15897
352	10852
21330	39116
25148	38086
22872	39121
2926	13426
3317	13817
5669	16169
23015	36135
5783	16283
25137	37998
1133	11633
5134	15634
21805	36114
8088	18588
602	11102
24940	38025
7313	17813
24254	36875
5921	16421
5391	15891
294	10794
1690	12190
9209	19709
25361	37906
7324	17824
1464	11964
2653	13153
6368	16868
5171	15671
24325	37929
8758	19258
9225	19725
24644	36924
3222	13722
24079	38725
6797	17297
5259	15759
24111	39302
4473	14973
2572	13072
7941	18441
22241	37236
24460	39004
1449	11949
176	10676
4871	15371
5045	15545
7468	17968
9646	20146
22437	37491
25110	38626
4596	15096
5984	16484
21545	36087
5578	16078
6200	16700
7171	17671
10179	20679
3518	14018
2491	12991
23262	39050
25134	39644
7782	18282
8458	18958
23903	36916
5223	15723
21845	37447
21583	37780
21941	38588
24491	38214
5941	16441
9509	20009
7462	17962
4135	14635
4526	15026
3789	14289
4707	15207
672	11172
8455	18955
9571	20071
25349	36002
8501	19001
2227	12727
23180	36709
24340	36744
22334	35337
5576	16076
22997	36713
3504	14004
21518	38057
22307	37432
24423	38037
7180	17680
3567	14067
22730	35247
4996	15496
5421	15921
6565	17065
9883	20383
9837	20337
24769	35696
9865	20365
6907	17407
559	11059
22050	35838
2273	12773
2878	13378
21102	38763
8780	19280
22432	36854
6330	16830
8457	18957
9970	20470
5152	15652
25477	39563
25106	35744
24511	37773
24444	39365
9213	19713
4965	15465
264	10764
22416	35985
3706	14206
3299	13799
24681	39260
23726	39246
5237	15737
8686	19186
21796	35421
23570	35397
9674	20174
23591	39170
9432	19932
10209	20709
6323	16823
21772	39374
2782	13282
21193	38568
2737	13237
6080	16580
7165	17665
4898	15398
2104	12604
7482	17982
25276	35237
6457	16957
2922	13422
5119	15619
8218	18718
10290	20790
22646	38189
23059	38075
7651	18151
8929	19429
6853	17353
9876	20376
22327	35670
1113	11613
21276	38804
22067	37354
3375	13875
7975	18475
3719	14219
893	11393
978	11478
2766	13266
22128	39162
7825	18325
5314	15814
1451	11951
3838	14338
3855	14355
4154	14654
6802	17302
9163	19663
24958	36038
25096	39255
6680	17180
1849	12349
8172	18672
7751	18251
22746	37647
2629	13129
643	11143
4848	15348
635	11135
3917	14417
23079	37207
6563	17063
172	10672
24117	36904
728	11228
6147	16647
9297	19797
1143	11643
10152	20652
5711	16211
4151	14651
5402	15902
24330	38090
36	10536
2400	12900
4486	14986
3834	14334
21482	36384
9587	20087
9616	20116
1901	12401
6466	16966
9745	20245
24307	37714
6046	16546
9027	19527
24489	39139
24376	37123
22616	36441
9895	20395
22775	38460
23967	38024
21177	35405
2169	12669
25351	36308
5236	15736
8225	18725
4615	15115
6888	17388
1609	12109
5840	16340
4508	15008
3694	14194
7402	17902
21019	35480
10082	20582
4672	15172
2395	12895
25017	38182
25028	39039
2124	12624
4796	15296
4502	15002
9437	19937
846	11346
5993	16493
3415	13915
314	10814
21117	37592
2511	13011
6757	17257
9141	19641
23653	38022
3323	13823
10047	20547
25312	38554
6731	17231
24245	37213
1428	11928
22871	36335
9915	20415
5017	15517
25135	36001
4669	15169
5213	15713
3059	13559
3030	13530
4678	15178
24545	38065
7728	18228
9233	19733
820	11320
6077	16577
23623	35759
23239	36922
1192	11692
4187	14687
3611	14111
6414	16914
3639	14139
21271	36639
8308	18808
2544	13044
7033	17533
22444	39233
23359	37050
2326	12826
2401	12901
10105	20605
24457	37307
4869	15369
7589	18089
7574	18074
2276	12776
22010	38197
10231	20731
2066	12566
1065	11565
5602	16102
6571	17071
6011	16511
1937	12437
9275	19775
23834	35587
21480	38839
22141	38212
5621	16121
21548	38009
8966	19466
6726	17226
20	10520
23586	39016
8296	18796
8919	19419
21020	39605
2060	12560
3924	14424
5924	16424
7800	18300
9165	19665
9352	19852
508	11008
7170	17670
7531	18031
7188	17688
22912	36865
8271	18771
21893	36417
6551	17051
958	11458
21363	39206
3450	13950
6248	16748
3500	14000
10279	20779
1552	12052
10029	20529
21932	37252
4053	14553
24028	37270
5311	15811
21472	35267
2029	12529
5408	15908
8600	19100
9769	20269
169	10669
25079	39224
21348	35818
4167	14667
6594	17094
558	11058
6767	17267
9204	19704
9999	20499
1771	12271
3916	14416
25285	38857
7876	18376
29	10529
892	11392
21486	38914
3221	13721
23436	38138
5346	15846
3251	13751
8465	18965
9310	19810
7326	17826
5204	15704
24190	37789
9325	19825
2779	13279
6126	16626
469	10969
8071	18571
1918	12418
7916	18416
5106	15606
7066	17566
831	11331
879	11379
6211	16711
24174	35683
7287	17787
6234	16734
21771	37608
22399	37314
7578	18078
24982	36638
9160	19660
21072	35655
2495	12995
1079	11579
9885	20385
3797	14297
24599	39524
23255	35742
6119	16619
6343	16843
951	11451
24250	36894
23353	39482
24203	35877
9314	19814
3937	14437
842	11342
25450	36520
120	10620
4731	15231
21338	36020
21926	35966
1180	11680
24389	37003
4636	15136
1368	11868
8398	18898
521	11021
10475	20975
10178	20678
3619	14119
23145	39549
5394	15894
6458	16958
16	10516
9801	20301
468	10968
22273	37675
4759	15259
3076	13576
1929	12429
3724	14224
21750	37192
3004	13504
1454	11954
3054	13554
8191	18691
3715	14215
4099	14599
9440	19940
22434	35860
883	11383
4915	15415
23348	35667
23984	37208
22496	35309
3849	14349
7459	17959
7229	17729
4777	15277
5229	15729
22477	35271
21725	36719
1941	12441
10384	20884
23475	36044
22228	39056
24725	35328
22047	35703
7283	17783
7425	17925
9879	20379
23949	38005
3470	13970
2251	12751
361	10861
4021	14521
6163	16663
6268	16768
6290	16790
5315	15815
8011	18511
5120	15620
22204	36587
21477	35455
9292	19792
7659	18159
1478	11978
596	11096
3378	13878
71	10571
7017	17517
8752	19252
4298	14798
2589	13089
23048	36724
2565	13065
21084	37579
8464	18964
24948	37327
1067	11567
23610	39604
6255	16755
10433	20933
6029	16529
24559	39436
9433	19933
3827	14327
579	11079
21125	38733
290	10790
8586	19086
10043	20543
22812	36727
8490	18990
8846	19346
8542	19042
180	10680
9338	19838
23754	39123
3921	14421
5170	15670
6616	17116
2418	12918
7650	18150
22049	38630
9005	19505
7155	17655
4090	14590
9817	20317
6256	16756
1887	12387
4775	15275
3117	13617
24831	39458
24106	37424
9685	20185
911	11411
5252	15752
2492	12992
7836	18336
956	11456
1589	12089
23850	36359
5762	16262
1468	11968
7407	17907
1010	11510
23380	36741
4258	14758
23928	36701
384	10884
8187	18687
9191	19691
2168	12668
885	11385
5249	15749
9238	19738
24916	35222
1837	12337
5678	16178
24221	38499
1011	11511
8766	19266
7132	17632
6120	16620
1153	11653
1828	12328
3514	14014
230	10730
24167	36113
3681	14181
6903	17403
4592	15092
194	10694
9729	20229
95	10595
1396	11896
9340	19840
23931	37025
25181	38851
22753	38122
7929	18429
3257	13757
23689	35160
8675	19175
22126	35747
5023	15523
5760	16260
21166	36247
968	11468
8476	18976
8434	18934
23999	37703
5010	15510
23021	38761
9547	20047
3862	14362
8800	19300
1958	12458
5383	15883
7807	18307
5429	15929
23823	38905
23956	35781
22057	35546
8393	18893
24508	39366
10172	20672
8648	19148
4694	15194
1016	11516
9665	20165
22824	35372
5373	15873
193	10693
25200	38248
22017	37678
667	11167
3605	14105
8301	18801
23731	39378
10305	20805
21886	37993
6869	17369
214	10714
3487	13987
24144	35464
22525	36685
24303	37425
776	11276
10143	20643
1707	12207
21803	39171
2366	12866
6488	16988
9875	20375
6177	16677
192	10692
122	10622
22807	36284
928	11428
4150	14650
25117	35288
25141	36239
4019	14519
4136	14636
22511	38061
24154	37360
2441	12941
6284	16784
2279	12779
9203	19703
6653	17153
2255	12755
5212	15712
8255	18755
1815	12315
3032	13532
9632	20132
25293	38032
6162	16662
2601	13101
1698	12198
23795	38368
9241	19741
7758	18258
6629	17129
22	10522
2582	13082
24859	36770
23805	39596
22447	35955
3311	13811
4880	15380
9185	19685
22470	39218
6280	16780
1262	11762
614	11114
9899	20399
23034	37517
21881	38272
6744	17244
23338	39471
7030	17530
6833	17333
4355	14855
9942	20442
21561	38657
8627	19127
6823	17323
8763	19263
8522	19022
617	11117
1417	11917
7093	17593
2105	12605
3324	13824
1952	12452
22657	36391
10280	20780
8978	19478
1933	12433
2294	12794
551	11051
8898	19398
22276	38379
6277	16777
24342	38278
6741	17241
1957	12457
4816	15316
4462	14962
24915	35740
24513	37518
25078	38589
1754	12254
6453	16953
835	11335
7241	17741
6361	16861
2419	12919
23254	36060
2183	12683
3022	13522
1337	11837
3135	13635
2210	12710
8091	18591
7556	18056
1178	11678
22942	35671
7596	18096
7198	17698
3118	13618
2217	12717
4928	15428
4380	14880
25149	35957
21673	37191
288	10788
5608	16108
7903	18403
6372	16872
9797	20297
6359	16859
8880	19380
21344	37707
8263	18763
1156	11656
24660	38837
7485	17985
847	11347
701	11201
7789	18289
748	11248
1931	12431
1542	12042
926	11426
1951	12451
7551	18051
21604	37138
24072	36540
5343	15843
6442	16942
5098	15598
2712	13212
24378	38968
22092	39132
22977	37029
25273	38726
967	11467
877	11377
3367	13867
10265	20765
7460	17960
7360	17860
4435	14935
24424	35659
2002	12502
23866	37256
2740	13240
2954	13454
2598	13098
8200	18700
10223	20723
1489	11989
1176	11676
5569	16069
2352	12852
3513	14013
5036	15536
4907	15407
23330	38621
2715	13215
24908	39319
3281	13781
8123	18623
3360	13860
24441	38018
6351	16851
22109	38347
22366	37369
21214	37051
22687	37044
23600	37932
7952	18452
9476	19976
24519	36981
2174	12674
2891	13391
8983	19483
1917	12417
23539	36142
8651	19151
21453	36036
3691	14191
22493	39228
6844	17344
2095	12595
21781	35956
523	11023
25390	38734
8737	19237
22822	39383
25271	35414
7714	18214
5851	16351
515	11015
8719	19219
10479	20979
7938	18438
21580	36232
24657	39094
21349	37663
8284	18784
2281	12781
2707	13207
1077	11577
6015	16515
6849	17349
7437	17937
24257	35693
9254	19754
4911	15411
9154	19654
4311	14811
25223	37134
5988	16488
1116	11616
24793	38424
2200	12700
575	11075
6642	17142
24835	35575
6518	17018
9650	20150
8729	19229
435	10935
21960	36077
21171	37036
2300	12800
6866	17366
7469	17969
1512	12012
6301	16801
1598	12098
5078	15578
1767	12267
9913	20413
580	11080
9638	20138
1136	11636
8893	19393
6295	16795
4893	15393
3473	13973
23248	37219
21749	36000
7642	18142
3954	14454
23001	36722
8010	18510
25377	36234
25449	36494
5338	15838
840	11340
98	10598
2907	13407
7112	17612
9631	20131
8830	19330
3908	14408
7068	17568
3873	14373
24957	35482
9155	19655
2496	12996
3877	14377
6925	17425
7504	18004
25113	35666
126	10626
1852	12352
6949	17449
7227	17727
8357	18857
3516	14016
8328	18828
7520	18020
22813	37284
2266	12766
1003	11503
10424	20924
22110	37989
6917	17417
149	10649
24865	35847
818	11318
8423	18923
7067	17567
23611	36523
3812	14312
8286	18786
4052	14552
5117	15617
3793	14293
8354	18854
21066	36341
8181	18681
1502	12002
2473	12973
7129	17629
4797	15297
7707	18207
25146	35399
23367	37366
24249	38124
24868	35339
6481	16981
8811	19311
25475	38957
6736	17236
4677	15177
3372	13872
23706	38715
21800	36768
24576	35580
6028	16528
2529	13029
1845	12345
4071	14571
5272	15772
5181	15681
22972	37692
3727	14227
5779	16279
10438	20938
10245	20745
4426	14926
9089	19589
22341	38240
21825	37511
2732	13232
4890	15390
2909	13409
762	11262
25396	38260
2439	12939
22292	37449
23308	37590
25401	37649
4399	14899
21888	35517
5699	16199
10346	20846
9467	19967
22135	39624
6217	16717
9377	19877
10270	20770
7346	17846
5910	16410
24297	39560
9298	19798
3941	14441
21001	36120
1006	11506
2517	13017
4207	14707
3407	13907
24597	39434
1052	11552
9723	20223
162	10662
24820	39221
25219	38930
8233	18733
22000	38044
10045	20545
532	11032
1513	12013
10400	20900
23626	38935
2297	12797
7554	18054
10258	20758
10491	20991
5709	16209
8788	19288
4506	15006
1818	12318
21101	35459
4453	14953
22928	36243
24797	36706
7411	17911
9007	19507
23487	36034
1864	12364
4432	14932
10109	20609
22547	39546
5467	15967
7725	18225
10206	20706
23741	38526
22476	39446
2594	13094
787	11287
