7197	5	22996
27503	3	38426
8955	5	22187
15510	3	28897
26455	3	7840
31479	1	27325
18212	5	21455
4673	5	6496
9036	5	33122
7900	5	38353
11488	5	29630
33830	3	29622
2905	3	35097
10709	3	12646
24533	9	40627
5625	5	3973
28886	5	16353
17927	5	9700
27626	8	30234
39378	3	6128
889	3	1955
25120	3	6135
26206	1	106
25675	3	40509
904	7	797
7111	5	24199
37657	5	107
31922	9	24519
14722	5	40396
24525	3	38849
15154	5	38381
7756	5	22006
7619	3	40436
22839	3	20053
36396	3	31865
30768	9	6910
15232	1	32617
19007	5	5754
27953	3	7027
23624	5	4074
33199	5	36812
9296	3	11541
35677	5	17484
24642	3	22472
16165	2	34785
2492	9	15096
36218	3	1445
26580	9	32529
5839	2	34410
39038	3	316
18080	3	33683
12461	5	27146
35220	3	10011
39451	5	19431
15292	5	25974
11430	5	24886
31173	5	8382
33074	3	5954
4327	3	2258
5773	5	14685
30260	3	27254
28985	5	38037
14194	3	2738
38421	3	20884
26903	5	18928
39878	3	17673
7905	3	35691
28109	3	37633
36257	3	22418
10078	3	22593
30986	5	11741
8159	3	32093
39893	5	4458
27984	5	32028
21497	3	25617
38988	3	21506
32596	3	38426
4967	5	37185
21517	3	37688
1106	5	23313
26144	5	30975
12139	4	37741
35537	5	7045
24118	10	38961
9787	3	33020
29543	5	18671
36413	9	12599
26875	3	29342
23949	6	31706
18336	3	12917
27962	3	29342
23864	9	18656
157	7	40845
33060	5	26934
35920	5	17641
20359	3	17154
26058	5	9932
31601	5	6796
19235	5	6959
32913	3	25732
17273	3	24929
9016	3	13529
22232	1	7064
19846	5	36183
27084	3	2680
1428	9	24261
29560	9	25628
29497	0	19830
19649	3	23131
31435	5	26279
16421	5	2364
27132	3	15706
16816	7	22783
744	3	18227
10008	9	24185
33594	3	16254
34020	7	15908
28491	5	37152
10539	5	40022
12245	5	1435
28543	9	1816
20264	3	6798
31902	9	21947
31618	3	22016
12099	3	23061
9170	4	19669
29301	3	7205
39478	3	30975
10282	3	19090
34860	3	38831
16773	3	30319
26613	5	11745
7968	5	12800
33238	5	38915
7888	3	7007
16541	3	37386
37322	5	40860
19294	5	8347
13329	3	24346
37941	5	23766
20274	5	32203
8400	3	32093
16940	3	35097
26883	3	11208
21018	5	17320
31321	4	29757
13516	5	29315
1210	9	30274
10631	5	31118
36481	9	10299
36362	7	16290
713	3	433
36507	5	23059
28462	5	7219
23678	3	5210
29184	3	24876
37880	5	462
39752	5	8529
4649	3	16263
28822	5	36573
34999	3	21875
35547	1	8245
4200	3	29622
39498	3	4422
36948	5	23844
28391	3	31721
24178	5	36281
7153	5	6186
11434	3	33264
8892	3	16966
1092	5	34969
24118	10	40878
20486	5	29113
7435	1	31685
36047	5	2385
27960	5	29060
5880	7	15277
28236	5	29107
22609	9	40353
24821	5	31953
6172	3	13493
11709	3	28272
24137	5	10595
27577	3	31865
34211	5	31596
1494	3	3273
1618	3	17673
29103	5	5653
36796	3	23965
478	3	17845
13353	3	32873
18862	5	29421
35894	1	36025
17151	3	4016
3625	5	10224
12853	3	20313
40651	3	38543
32732	3	3620
20200	5	24891
20911	1	10378
29109	4	21985
4297	5	16300
25869	3	2723
530	3	17678
22762	3	7318
4050	5	25108
29735	4	18764
6986	9	27578
35119	5	5810
27596	5	19147
22303	0	4875
27005	1	30370
28540	3	14844
25576	5	8695
11	5	14127
29822	3	14918
24387	4	10310
10015	3	37633
10303	5	24029
1862	5	35983
1810	3	4783
30517	3	10111
34573	4	20977
30241	3	27591
20084	3	7465
14878	0	18712
33544	3	26794
14793	3	19025
39524	5	4271
16406	1	26418
2728	3	24799
13594	9	25471
18738	5	239
26539	3	28835
7918	1	23141
17204	5	20656
35524	3	25380
28142	5	19190
24770	3	33113
40797	7	5949
20833	5	21115
39728	3	30393
14427	3	38849
12404	9	16322
28123	3	8041
5170	9	28747
11767	5	27287
35592	3	9861
12875	5	37929
5748	3	38849
18706	7	26671
3316	5	19572
26627	3	16700
222	3	33473
35347	9	31838
2192	3	137
12492	7	2680
10747	3	3677
10784	3	13016
6418	7	31248
17466	3	36573
10720	3	37633
19095	3	23965
6268	5	8790
4227	9	14580
7407	3	40891
39288	5	34270
36280	5	35468
21822	9	1872
36663	5	21013
19003	3	11024
16789	1	34082
26573	5	32581
27799	5	34334
22406	3	32547
23042	3	30156
8219	3	11392
33454	4	12670
33675	3	31264
17326	2	4878
23770	5	16827
40344	1	13235
11205	3	13329
33039	5	20548
34292	5	2345
6246	5	14515
8329	3	13659
21798	5	30575
3715	5	25847
36681	9	36072
4535	5	25578
10949	3	35097
29126	3	31647
28623	3	28778
32088	5	11696
21006	3	21715
13602	3	8870
10834	2	25328
33324	5	2064
24993	1	13546
10477	9	29084
8958	5	10686
565	1	38443
21305	5	8913
24798	3	8679
25998	3	26804
39447	5	22516
9039	3	20676
28839	3	33608
21949	4	24717
311	5	16792
22820	5	13878
220	3	15243
4242	3	35902
34419	8	3906
39577	3	35843
33884	3	31002
9592	5	1011
30768	9	2093
32727	4	29757
32850	3	23850
36228	5	7974
8199	3	13659
28983	5	10060
14874	4	37741
32146	5	9349
28370	5	16800
16468	3	21451
2756	1	20748
4700	1	19524
19055	1	8480
35768	5	39893
2780	9	16722
24546	9	36942
15703	3	39548
30478	8	14076
36244	1	36037
6805	3	15792
33125	9	26276
30163	5	12702
337	3	5403
14590	5	19131
5819	3	31479
36755	5	6823
35347	9	28543
6325	5	21624
37608	5	27187
18973	5	22223
24029	3	33672
13305	5	25881
8016	5	5275
21349	3	17897
16300	5	30815
30429	1	18450
11802	5	21935
26950	3	16566
10983	5	40213
33055	3	20622
14945	3	4700
19880	5	35688
36433	5	17522
7484	1	21401
14968	5	35451
10777	9	34187
21542	5	23172
4837	7	20783
12510	9	23933
24118	10	40704
8035	7	20783
32757	5	8637
14471	5	14666
2183	9	32338
21294	3	13682
33094	5	1076
21557	5	9273
39673	3	33683
24729	3	21366
21066	3	32093
19554	3	38849
34754	5	12065
11045	4	19669
37873	5	3454
30278	3	36565
5485	5	3580
35854	3	5588
5473	3	37029
33280	5	27262
22384	5	21806
33469	5	23523
12232	3	16905
29226	3	26223
14273	1	928
14258	5	11715
22952	4	29757
21862	3	35281
5552	3	2421
2641	5	28458
26750	4	11986
5372	5	40
17582	3	17026
13949	5	30815
16311	3	7671
22722	3	670
30550	5	34944
17535	5	1126
26368	3	23677
1572	7	12555
26439	1	19040
21374	3	37009
36834	3	4437
13504	5	1827
16090	3	38165
22410	5	16649
5716	3	20192
9119	3	19722
32041	5	33529
10980	3	35967
24147	3	9352
10639	3	11055
13937	3	15223
23042	5	8840
35936	5	36732
33084	5	7519
27486	4	29757
22478	3	35902
6907	5	28370
17252	5	20819
14039	3	2920
13371	9	21934
17142	5	8638
22192	3	11465
25069	3	23928
29012	4	31876
6319	4	28101
18959	9	30837
12766	3	13659
29912	3	36020
22502	3	26804
28740	4	25379
4256	7	28630
35078	3	35468
10312	3	26840
12167	5	15988
13166	3	13529
3421	3	28576
38326	3	5357
31851	5	14911
16375	3	35849
26008	2	25467
27089	3	23920
10719	5	28115
27518	3	27802
22101	4	4047
21211	9	26186
33715	2	24094
13473	3	32222
1412	3	3931
26746	4	18078
25130	1	40725
2568	3	21103
12267	3	26362
23228	5	4680
38882	3	12327
31609	3	459
31708	5	19790
10845	3	33580
28098	3	31002
6730	5	29830
11994	5	15656
6110	3	39998
39066	3	7339
33406	5	23871
13108	3	11726
2664	3	6563
10589	3	3885
39654	5	13430
29476	5	14166
21456	3	31569
31434	3	3780
25726	5	33790
11445	3	7914
1614	5	30933
17809	5	1841
20536	5	37763
21168	7	30874
31408	5	39026
7294	3	6092
29835	5	20413
38121	5	22003
8699	5	3905
38842	7	29213
1032	1	12657
26348	3	7407
39921	5	2213
5839	5	15713
37029	1	670
26034	3	26548
21992	7	40845
17753	3	21713
28587	4	26371
34087	3	38849
29249	8	23447
7188	0	38878
24118	10	32668
15665	7	8560
33197	3	39590
27736	5	33328
843	5	36329
32215	3	10315
24271	3	35097
23367	3	16815
36206	3	12035
28463	5	34274
12346	7	36209
31045	9	9315
30306	3	1396
3719	5	30106
29493	5	9280
13123	3	10732
28661	3	2460
34871	3	31384
10911	5	36642
24081	3	33246
23669	5	30577
8975	5	9598
22447	3	29622
17493	5	26716
36201	9	16500
27345	5	28553
5952	3	17705
3420	3	4978
17443	3	40450
19055	1	28807
5802	5	20003
10928	5	17514
7403	3	38849
2935	3	130
10551	3	31247
20965	1	30230
38819	5	37855
20902	5	22336
31604	5	26635
23219	5	30583
13890	1	11729
29497	0	5557
29647	5	24846
17925	5	21703
23034	4	24876
3104	9	31318
23023	3	3987
10747	4	2652
20140	5	26919
32951	5	5536
104	5	26867
12715	5	19790
36565	3	3612
27541	3	38647
22026	3	26032
3839	5	4490
26297	9	22736
13622	3	7087
22479	1	268
24819	3	15614
36887	9	18
21053	5	4279
23257	3	19027
2501	1	28178
36248	3	37633
7434	1	9205
9200	3	18196
16452	5	31885
28895	3	37633
24883	5	14609
28583	3	1419
2961	7	29733
40511	5	20497
11606	3	16874
7474	3	2929
2501	1	10772
31718	3	9935
11069	5	15581
2501	1	14335
29045	3	22400
21879	9	40495
11754	5	2538
39719	3	35902
28467	5	32340
25130	1	7349
4690	5	2882
39300	3	32675
35937	3	23297
36966	3	37430
3267	9	33340
31888	1	18519
19498	9	8162
29682	3	28848
39703	5	16846
12324	9	352
22443	5	24914
31485	1	29883
4879	4	16969
17806	5	33059
21241	3	5523
21393	3	1607
13157	3	8316
26847	3	8508
8044	5	18758
19639	5	34941
37393	3	2105
2561	3	19027
8317	3	6577
20439	5	5839
4642	7	16854
18962	5	22580
27774	5	16830
35397	9	12599
29862	5	22051
15237	1	4583
17270	5	30353
8263	9	17197
5353	3	17678
33644	3	1495
21944	7	797
24369	3	2917
25710	4	21292
19594	5	26054
29026	5	40739
13055	3	38883
26130	1	32876
22246	5	9220
26807	5	14686
25673	3	7154
39501	3	10503
5498	3	16949
15013	3	23965
13969	3	39476
1178	3	12107
35039	3	35902
13812	5	30183
33513	3	1418
29033	7	22176
31032	6	9684
18461	5	22427
14773	3	36703
39576	4	12670
40014	3	601
39517	5	33368
40433	5	35006
18496	5	25932
9722	8	20536
5468	3	5134
17328	3	15369
19212	3	17613
27997	3	35902
17653	3	27855
17002	3	27439
39994	3	9087
15739	4	32026
21498	3	38065
24995	5	33833
22221	5	25129
7438	5	24037
30557	2	3106
17861	0	11774
13290	5	1391
39574	3	2890
19142	5	37973
15299	5	20460
30917	3	40376
40471	5	31665
37973	3	4846
18884	9	12501
35347	9	35200
35349	1	13468
40019	3	33434
24144	3	13659
11924	3	8021
32476	5	26716
9375	5	40360
35496	3	32170
24118	0	25769
22590	3	4563
23948	3	17352
10388	5	4772
37364	3	5518
21008	3	575
49	2	10790
4858	3	8464
6085	5	38977
19301	5	11820
39135	1	28405
4191	3	21365
7868	9	22298
2756	7	28630
32339	5	33684
28847	2	19399
17068	6	29932
14258	5	33972
13236	3	33683
5669	9	33366
9452	3	37036
8321	3	22664
19407	5	14015
7825	5	19275
37911	3	1126
6426	3	34630
23163	5	30104
19117	5	3315
25695	3	33417
13349	5	38966
29532	4	29757
24533	9	4033
31843	3	10732
6294	5	4398
6762	5	9619
2826	3	18710
35494	5	19115
22039	3	26760
38296	3	38849
4633	5	22573
32659	3	12544
17825	2	20314
4504	3	3314
14436	9	26927
21986	9	6409
1905	3	21305
1233	9	1895
18581	3	9027
25377	9	28905
21806	5	16786
24060	4	21985
20697	5	23758
10264	5	26631
37735	1	11198
26190	1	11511
21080	9	15894
15279	3	31865
37503	9	16956
22898	3	33241
7862	3	3579
32185	5	23005
16972	8	30299
10614	3	38714
7937	5	40086
19013	5	9160
26794	5	10153
37688	3	35720
15579	4	16915
33747	9	12676
22303	0	7952
10156	3	24817
4606	5	28362
7071	5	21292
26813	3	22331
21488	5	12960
33542	5	13910
40456	3	37237
19830	1	38444
10180	7	21166
33501	5	15367
38639	3	6111
15779	3	7770
7680	3	32251
27001	4	4011
26794	2	19245
21432	5	10182
12113	5	36370
9722	5	53
9630	3	25950
40760	3	18929
27559	9	33801
16057	4	39073
29296	5	27539
2653	5	26686
12210	5	27949
17595	3	17673
20072	3	22345
2460	1	35647
8270	1	25486
31546	5	11478
8703	3	12863
19709	3	24234
17693	5	26214
6657	5	12441
12160	3	18097
6750	3	36642
16824	5	1762
23569	7	20783
35933	5	27163
17989	5	36877
11260	5	34004
5170	9	37193
34646	5	21330
35683	5	37203
243	5	14701
35883	1	21057
24732	4	22767
33418	3	9941
27774	5	11696
27472	9	22795
5025	9	19208
39545	3	3670
23964	3	1126
28199	3	31575
19476	4	32172
30474	5	19692
7496	5	25546
35150	3	35063
10368	5	38401
38396	5	24718
25384	3	38849
7633	3	29942
20051	7	25217
4098	3	12903
15329	5	3548
3800	3	14082
32042	3	8729
33618	3	18733
19940	2	24094
20546	1	22597
32138	9	4844
27019	3	13659
10013	3	21540
14729	10	40116
18557	3	20464
29058	5	3400
30560	3	16264
33761	5	18202
26610	8	19870
17637	5	16078
12844	5	1259
29624	5	17202
20791	9	39750
29822	5	33428
35941	5	34550
33709	3	24086
32600	3	20831
9705	5	37629
16912	9	23173
25317	5	32229
26466	2	37267
20344	5	14326
17689	3	22403
1584	5	31668
13279	5	34703
24118	10	20113
23400	5	29483
22881	3	23965
1822	3	29622
2501	1	21146
35510	3	8729
38739	4	6900
21446	3	37036
17648	5	8687
38785	3	34341
2604	3	23967
1011	5	28497
34861	7	38555
19318	3	16295
17512	3	30358
25698	5	25952
22437	7	20783
9163	5	20770
6290	5	19410
491	3	36743
32187	9	25434
4518	2	22824
36472	5	32169
36806	3	16774
7539	3	17673
11845	1	1670
35305	1	37069
24962	9	19806
8259	5	31596
34995	5	181
11254	1	29983
4721	5	18203
12681	3	17673
20779	3	25477
17105	3	33946
36010	3	21179
2553	3	31719
23677	5	7869
27284	5	7660
40357	5	39095
21601	5	13504
5911	3	4305
25965	1	40277
13175	3	18226
11780	3	34097
15475	5	33607
1438	5	11803
10177	9	31259
11732	3	12649
24971	4	22250
5366	3	35908
15124	5	26233
11001	5	4517
14612	3	15223
31044	5	38649
179	3	34341
8127	0	12781
40711	3	19917
35648	3	26683
15806	3	21366
17502	5	24248
9577	4	9847
40722	1	17611
33287	3	20397
2311	3	15711
17078	5	4733
19129	3	36761
1822	9	12839
35581	3	37633
29002	3	9031
13275	3	37220
14376	10	25230
14507	3	12576
1556	5	9981
14470	7	14318
4458	5	35768
30992	3	21305
32396	1	6198
40423	3	20418
40592	5	31512
32452	3	19082
14583	5	12047
10891	4	11330
27431	3	36762
8004	3	18545
9793	3	39472
30896	3	27600
22577	3	11799
10414	5	10000
547	9	37077
19253	3	26385
35226	5	11040
15864	3	5403
31996	3	29009
2723	3	38864
34125	3	38723
25293	5	21974
7914	3	18816
9503	1	5843
14525	3	40296
38359	3	12221
28310	3	19560
30486	5	16104
3268	3	36343
1841	3	30269
34522	5	37763
3623	3	24763
15140	1	35796
2304	3	17421
1213	5	17068
7900	5	29009
37666	5	5732
1205	5	3579
20294	5	959
34574	3	9071
8229	3	11791
35288	3	24354
35387	3	35855
14724	5	10753
31985	7	20783
2324	3	26354
34607	5	32429
27381	3	14653
34906	3	31666
34440	3	10172
19277	3	9388
5942	3	13529
25492	9	20508
19109	4	31876
1252	5	35597
57	5	11430
37659	3	25477
1417	5	18798
8742	5	3061
17140	3	13659
17358	3	3580
12900	7	20372
20068	3	21365
7424	9	26547
26031	3	11797
37392	5	35765
1888	3	31002
36391	7	30323
8313	5	33042
22668	3	9818
35887	3	6281
38544	3	29622
20149	2	1981
6137	9	27395
18281	5	23373
19014	3	13591
4705	5	6510
23032	3	12307
28543	3	39512
19535	3	26441
10663	5	12555
6005	3	9398
17757	8	13951
17705	5	4743
1751	7	29953
18391	7	20783
7344	5	11101
32803	5	23579
36991	5	26863
8514	9	30545
12903	3	33641
2929	5	29049
11803	5	13030
9545	3	34604
3628	5	9360
11337	3	32867
38934	5	33663
39005	5	36190
13967	3	13026
27551	3	21451
25101	5	13117
1142	5	28122
30810	7	4917
14376	1	16080
7420	5	12597
3251	5	40199
21863	5	26794
32641	5	29620
37433	5	31460
19341	7	15908
25515	1	21769
16667	3	6156
31337	5	20364
35217	5	2535
39133	5	35714
2237	9	11258
32859	5	19015
40651	9	34932
37568	5	3968
38194	1	19529
33963	3	35799
20232	5	31835
19792	3	32093
7717	7	36478
1251	1	30159
14242	5	19422
3308	1	10403
28834	5	6059
26706	1	12904
40851	3	21366
23258	3	18940
31402	3	931
28701	9	15843
6831	5	19480
11609	3	30913
30367	5	35780
3048	1	39993
33758	3	28866
22749	1	12011
2824	5	37987
164	5	27541
20643	5	9703
35559	3	23677
30858	3	14565
6439	5	3245
13652	1	38871
21062	7	20783
7129	9	23833
11993	5	11344
18666	3	22274
28083	7	21818
35996	3	19188
13543	9	34975
26312	9	673
2855	3	29505
9865	3	25708
34832	4	21355
7200	3	17425
1787	3	32544
28904	9	13347
29716	9	7490
13859	7	20783
20691	3	17673
36979	3	28631
30508	3	116
23891	5	39057
2121	5	40424
28152	3	15277
38217	3	37633
10690	3	12869
1358	5	2319
1534	3	37016
28884	3	33279
28080	1	20876
23974	9	2811
14223	3	31721
1048	5	36350
15076	3	30128
37826	9	1290
1899	4	29757
19265	3	28251
23490	5	40162
14191	5	14672
25661	9	19396
19526	5	22093
2103	3	13694
33561	3	17673
4426	3	28848
9829	5	40423
39126	3	3012
31166	3	463
24180	7	34092
31405	9	14840
17534	5	37152
23258	5	21069
3557	3	17493
26507	3	33403
22762	5	2388
39479	5	9384
6664	3	4379
37983	3	6834
15877	3	37947
22699	3	11532
9384	5	39479
26380	5	3447
8539	5	22166
30240	9	16298
11100	3	39210
16633	3	6049
29615	9	7943
28721	5	15836
7109	4	29757
11336	3	17940
14041	5	23582
35818	5	35797
31483	1	31759
33059	3	37406
36343	5	5690
8305	9	35626
31445	2	23319
20335	3	23850
13154	3	32675
16043	3	3314
23319	5	20962
15237	1	40221
35648	1	25515
40116	4	36633
28564	1	11220
8795	5	36971
20491	5	37326
23833	3	22403
31008	5	8883
27485	5	8945
7218	3	9811
2422	7	30874
20174	3	36332
8398	5	31974
25462	3	23677
18881	3	39783
10142	5	30510
17599	3	20027
39156	3	5263
28611	3	32873
14366	3	34024
2641	5	23610
11342	3	33572
1278	5	20828
9712	5	39929
1604	9	8672
1475	5	3143
17343	3	2692
12738	5	15740
22936	9	7669
21844	5	38122
22440	5	28087
2839	1	4461
17490	5	5771
7170	3	2
2480	5	33261
36526	5	25392
9499	5	12662
34335	5	134
38836	1	31958
3321	3	33279
38500	4	19669
33866	5	33642
17561	2	29877
38637	4	9847
18247	9	26190
36600	5	11905
36846	5	24355
291	8	18048
26044	3	2860
1096	5	31912
13834	9	14217
15807	3	12327
19958	5	29879
9618	5	32817
19315	9	5171
33640	3	30393
10859	3	26928
20364	5	6824
2400	5	1132
29303	5	36582
19218	5	8274
40918	3	23677
30240	9	6093
23514	5	10061
27210	5	30404
10993	7	19124
30681	9	3949
11155	3	10035
29951	3	6598
27256	5	711
20355	3	27437
19613	1	23141
32370	5	5658
12428	3	28662
8790	5	4491
16691	3	39216
29626	9	2183
29439	3	20313
4313	1	8502
20173	9	22905
6422	3	36105
32539	5	33698
11299	5	4305
34523	3	23922
16830	5	9344
26422	3	32540
29111	5	17935
32286	3	21365
21389	2	9849
17485	3	17678
10771	3	16795
12733	5	34862
631	5	15002
29207	1	27801
11704	3	37516
35783	5	12820
35764	5	35382
12174	3	7860
34964	5	25436
38129	9	23130
34716	5	34746
8118	5	4319
437	5	38874
25971	3	9946
33433	3	26501
861	5	29117
3294	3	16679
20561	9	6056
28411	3	27439
20703	5	15829
20243	3	29970
18724	3	37788
4439	3	14876
20244	3	39738
38484	5	21952
21310	5	29428
8292	5	14982
9552	5	22982
21197	3	8316
11442	4	11115
21108	3	37111
40585	5	31595
38078	3	30393
31060	2	36506
23831	3	36847
6290	3	38555
13899	3	39472
17422	3	30551
14110	5	33064
21192	3	5266
29488	5	24036
19741	3	8944
39121	5	13290
275	3	23032
8114	7	6070
2962	5	36578
21894	3	36846
27625	5	5371
4346	5	32944
22204	3	11526
9995	5	17059
13642	5	810
22135	5	39898
17329	2	27722
39522	3	34555
19848	3	23426
34945	3	1405
36502	3	14359
3352	4	29757
37206	5	35362
36709	5	11219
2240	3	29137
15888	3	22331
18264	9	19079
12417	4	3532
22223	5	40508
25768	5	13880
13924	3	36069
29651	3	30883
18821	5	3268
38363	1	25841
15286	5	24866
15155	5	7061
8366	3	13536
33485	3	29622
2705	3	10743
58	7	20783
38857	3	16203
26306	3	35902
39697	2	15914
3864	3	13529
19886	3	8008
9043	5	37202
8486	5	19732
33113	5	5584
22031	5	32213
8744	5	13274
31933	3	8361
18283	3	2423
31346	3	13539
30986	5	15758
7564	4	28321
1229	5	31618
37464	4	24190
22319	1	3017
1114	3	9691
6148	5	26628
9801	5	3051
17080	5	9953
28176	4	18078
3713	1	21689
15043	3	28795
18464	2	23407
40160	3	28846
7112	5	7815
21363	7	14318
20251	3	39814
5457	3	37633
7728	5	39865
23093	5	19535
23536	3	5123
1838	1	28854
755	3	20497
5939	1	9519
15762	5	37236
3086	9	32101
12734	3	38849
9259	3	4515
34777	1	34310
40095	5	22370
13804	3	7695
1947	3	27879
37097	9	24275
27951	5	17202
12574	3	27822
4957	3	37761
1506	9	37415
11242	9	13903
1185	5	6377
9471	3	27254
32186	9	3972
23704	5	5115
30838	3	2964
13280	5	17561
27603	5	39832
5170	9	30677
20382	3	4402
14479	1	9297
33526	3	34799
35549	5	5774
12186	3	14670
8931	3	17673
8289	3	20513
35160	9	32050
3578	5	9042
32368	3	28634
8324	5	33748
15509	5	19000
17831	3	15998
16806	1	15086
21854	3	14500
6448	5	39448
11003	5	36875
11882	7	4498
12865	3	17678
37557	3	16584
23480	3	27439
8818	9	36430
9825	5	29514
30273	7	11443
955	5	6014
19679	3	33381
36104	5	8814
36028	3	12726
31696	3	40211
37097	9	610
11267	3	297
6757	5	22009
2274	3	7473
23772	7	2680
39787	5	2145
8271	3	19670
7322	5	13748
10085	7	18027
19518	3	2178
2691	5	23491
17231	5	8358
4933	3	31721
17646	5	22617
28372	3	31304
7584	5	11217
4761	5	15291
34080	5	35150
31012	3	12150
14441	3	22580
60	4	26371
26848	3	8889
19013	5	9557
34178	5	23313
6252	3	8870
2164	5	31974
24118	10	24888
40097	5	15793
38546	3	36482
38395	3	17673
38086	3	16630
36642	5	8521
14058	3	1407
10792	3	10956
30876	5	29447
19372	3	4107
21098	3	40871
19760	5	22265
4753	3	26993
25226	5	9960
38567	5	6459
27441	3	8690
27408	3	1736
8535	5	33902
38799	3	22588
36638	5	8713
20383	9	10359
16349	3	31400
40519	3	22535
11318	9	1401
36370	5	37588
19456	5	36966
25324	9	31971
39150	5	9656
379	5	39281
27308	3	17026
18284	3	1793
32959	5	19525
28893	4	37279
38790	3	40543
20024	3	35852
26195	3	38849
29894	1	8516
20138	3	28634
8368	4	10827
3211	9	17724
12815	3	20192
13459	5	13779
34408	3	27246
11766	3	23850
7098	5	26658
3125	4	29757
8969	9	35630
18615	4	27564
1323	3	10778
11571	5	11602
19812	2	40
3341	5	20052
16536	3	33094
27047	3	24255
4374	9	36486
2111	3	33251
26669	3	22403
30404	5	25881
38415	9	17799
23481	7	18137
34648	5	23658
22892	9	30565
22303	0	2633
38607	5	19191
21820	3	11519
4985	5	33698
6474	3	619
32952	5	40856
16708	7	20783
11398	5	9347
18100	5	21966
15667	9	3325
6780	8	7037
7909	4	22250
29792	7	11810
14492	3	5658
15955	3	10864
2247	5	16452
3510	2	32729
25975	3	362
22454	5	29387
34665	1	16752
35347	9	37396
12410	5	12575
37922	5	14597
24790	5	38488
9381	3	16205
11286	5	7818
16720	5	11544
11724	1	27872
36139	3	30046
32064	5	13932
27882	3	36550
13306	2	32084
29930	3	14127
21973	5	30487
26733	3	39616
10265	5	200
881	1	16884
34325	2	4001
10813	3	33472
25119	4	3532
13558	2	22368
39936	3	32339
23767	9	20941
16931	3	36777
10123	4	31181
40001	3	39045
19595	5	33496
8308	5	37437
32679	5	2795
25692	3	35158
14376	1	36141
2283	5	33242
15705	5	31743
19007	5	20806
34852	8	20886
27774	5	37194
29758	1	7566
3185	5	13091
538	3	19790
11215	5	3876
36978	9	678
32864	5	19653
8740	3	17678
26484	3	5213
30208	5	19320
17445	4	21289
6255	3	4156
24408	3	17882
6941	5	29903
38082	5	27744
2849	3	39310
24118	10	12566
29224	5	35309
8957	9	39466
35569	2	21805
22044	9	16602
17624	3	39472
38097	3	27941
28439	8	1732
29625	5	9428
15993	5	29885
28277	3	11799
40086	8	16672
19055	1	38269
9562	9	33824
5025	9	29816
11741	5	30986
25431	5	37328
9066	3	36847
25833	5	22325
9004	1	28111
37770	3	37009
37097	3	2684
26996	5	37519
33799	5	39532
19648	5	4795
8678	5	17496
25584	5	23492
32905	3	40649
25523	3	15900
26839	3	27439
11821	3	31002
14166	5	36050
31640	7	28568
25366	5	25736
24683	3	7622
7572	7	29213
10725	5	38588
35226	3	10111
22011	5	9053
38297	3	4516
21429	3	3131
26476	7	20783
35630	9	31534
22296	5	37925
17969	2	16165
21339	5	29399
24604	8	24386
24932	7	39497
36722	5	22725
18275	3	23745
4279	3	26232
38845	3	32545
14875	5	6120
28838	3	8157
16016	5	25670
26339	5	32343
34505	5	11797
29162	3	7779
26585	5	32958
37824	3	25637
5103	3	11971
8039	3	7473
21413	5	37725
10617	5	27379
33060	5	22486
13192	5	40744
39869	5	35279
38945	3	764
18345	5	36091
10577	1	17549
28744	9	1605
29512	7	35637
24653	5	24984
7811	3	5403
30410	3	35433
14200	3	38716
15445	9	7413
36313	7	5949
10749	9	19904
27567	9	12556
18124	5	29293
733	3	5278
27657	5	3185
6270	3	36007
32103	5	8605
10599	9	25018
26554	3	32528
9820	3	39555
3356	5	29935
16380	5	18720
23516	3	33909
13404	3	6575
11775	9	16899
18264	9	25098
3204	5	3943
24428	3	26695
31338	5	23318
19131	3	14811
35347	9	37353
34551	1	26735
23340	3	15002
30537	10	7598
15635	1	35467
23540	3	6640
24998	3	31449
19220	5	9634
27236	3	30775
24193	3	21815
19681	5	20612
3601	3	36197
24118	10	35779
24196	9	6191
30415	3	1087
24118	10	15628
29174	3	37523
18853	3	27315
21799	5	23607
17178	5	36277
33504	3	11560
18036	7	20783
30537	10	28364
24118	10	1520
7948	5	19910
36990	3	4824
27436	5	29697
4001	5	13191
4337	4	8586
38792	3	6372
22303	0	3182
26934	3	10310
28596	5	19125
12184	3	38920
11845	1	218
20862	5	40724
8656	5	36285
26996	1	39744
15913	3	34280
28434	3	38849
6323	7	40845
40919	9	28268
30412	3	35335
28875	5	6133
35601	1	33938
22166	5	8539
19153	3	5962
34886	5	18836
1744	5	38224
17468	3	19499
23679	9	25547
5943	4	24876
31884	5	28939
16876	5	36742
24377	5	8134
8565	3	33368
25515	3	26965
39450	5	33568
20407	3	8316
33543	5	22698
12614	3	3841
32920	3	18966
18798	5	37831
34387	3	21366
11911	3	9598
34611	3	6001
25540	5	12977
1800	9	3180
26381	9	36753
17531	3	32156
32650	3	36731
10714	3	10630
35897	2	23053
11842	3	12698
35176	3	23340
24883	5	27951
28386	3	23850
21604	9	11529
38170	2	11067
31138	5	14406
1015	7	7030
22477	5	19822
22236	5	37957
25492	9	29418
13742	3	12476
9312	1	22819
30135	9	6947
6065	3	33121
14656	3	17678
24093	3	15792
23792	3	8316
39540	3	12726
17092	3	5403
3578	1	23141
31450	1	20288
15972	3	33683
33656	7	20783
37521	4	22767
33535	5	40305
10526	5	2429
12879	5	3194
36742	5	16876
31105	3	24008
19159	3	3923
6091	5	26829
14332	9	38308
32459	1	39183
28352	9	11065
4765	3	18088
37824	5	38458
28627	3	39783
15082	5	19479
34033	5	12570
22448	9	4333
20249	5	6436
38200	9	30171
24355	3	26214
8075	3	9119
31162	7	20783
14644	3	35902
5561	3	2692
31117	7	14318
30768	9	4912
39436	7	20783
6746	9	24067
31907	3	27774
11068	5	37419
14245	3	27862
40356	5	6835
18332	5	37289
4519	3	13659
26797	5	23223
34762	3	9011
30038	4	19669
29796	5	30036
25492	9	1143
19761	3	30049
4130	5	37387
34246	5	18099
15484	3	29197
19723	5	28515
8687	3	16946
2901	3	10983
3185	3	32797
36132	3	3249
2464	3	10260
12354	7	15635
8704	5	13729
7135	5	14127
35915	1	4476
1747	3	26333
32698	3	18220
1137	3	25077
9548	3	24820
39358	3	10607
15506	5	29329
37519	3	23228
38579	9	16258
25388	1	22553
10330	3	16010
32583	3	3782
39442	8	1591
16457	5	10832
34900	5	25198
38013	1	40562
10766	3	36648
2501	1	38513
17371	5	20842
39819	9	34552
25745	3	16402
29811	5	24479
32417	2	7988
4505	5	17786
29667	3	7086
23376	3	10683
13046	3	38276
1626	1	40141
32541	1	27978
8912	5	34024
14224	9	36231
26127	8	15276
13345	5	8090
23083	4	36229
7444	5	31598
12667	4	27962
15131	5	1264
17425	3	35746
27658	5	17195
9029	3	18392
10120	3	31914
20727	5	2453
27492	3	3828
40472	3	3725
11102	9	12546
37157	7	20783
9894	9	2944
27119	3	23170
5817	7	15908
1087	3	1391
27445	9	6774
10476	5	33180
32099	3	3606
31205	5	22593
10036	1	17033
11302	3	22454
21544	5	35415
2005	5	33514
4296	7	22742
38466	5	21703
40402	3	2018
35513	5	21181
26829	5	29697
32991	5	10631
9447	9	17296
20719	3	7097
5336	1	35130
21321	3	33884
25702	4	34369
36403	5	349
32040	9	12602
20789	5	14856
14492	5	11602
16010	3	12226
21754	5	36023
11576	9	36223
20884	3	16048
34056	3	9513
36535	3	10125
8587	9	18638
11691	5	23583
28146	7	397
2540	3	13844
1623	7	397
8187	3	13910
24118	10	29706
14867	5	40225
24017	5	40408
37741	3	39784
6289	3	4806
16012	3	2460
2939	5	11430
1795	3	37363
15061	5	27764
29075	5	1929
14693	5	36628
3574	3	38007
38403	5	11600
37146	3	15299
33492	3	15447
6922	9	9522
33909	5	28231
25271	5	22510
11188	3	27964
12221	3	6049
34128	3	35433
28600	4	36792
24569	8	30023
19952	1	24804
31245	1	17908
23770	5	32520
245	3	25873
13843	9	14752
5653	5	37085
16710	10	3198
10518	3	13024
14395	3	18849
25751	5	23373
33176	3	8063
13222	4	14679
31183	5	29315
19024	9	9538
11456	5	21625
9253	7	10453
17892	3	4459
14775	3	19188
10459	3	7339
34583	2	13626
12	9	34299
22788	5	6515
7037	2	22190
8775	3	24147
11565	9	361
16095	3	10368
20798	3	33683
39205	2	39734
11393	3	11465
9392	3	33472
23378	5	40373
35921	5	30217
12470	5	28927
38154	3	34813
21063	3	37973
19214	3	21795
17480	3	25027
28398	3	35902
10272	3	20911
21669	4	19669
12560	3	23977
14347	3	23652
25110	3	9381
28701	9	13586
13226	1	38349
35343	5	33587
15223	5	13884
3539	1	38180
12257	2	26194
34724	3	14527
17636	3	12729
17460	5	2705
28370	5	20973
873	9	21009
33506	5	13162
14700	5	10628
25729	3	10982
8872	3	5266
2436	3	10783
39580	3	16254
31458	3	33094
33346	5	24092
28140	5	26082
3205	3	24532
25224	5	17582
352	9	19719
20232	3	9888
36249	8	9619
19504	3	29475
11452	3	23965
18932	5	25399
25824	7	15635
18431	3	17673
5173	3	2900
31367	3	22593
23871	5	35987
20104	9	8250
20605	5	13983
38860	9	29230
21757	5	14911
15606	3	26270
17045	1	21500
40340	5	37302
11157	9	5451
40931	3	34752
32328	5	6223
10699	3	33466
18629	3	12646
28024	3	32048
12364	3	20831
40392	9	5534
20379	1	22819
29234	5	27979
16300	5	14958
9795	1	1612
31109	3	9430
31553	3	1239
33401	3	10897
37437	5	8308
40294	3	4402
24825	9	28508
3025	5	13470
27127	5	15522
22835	2	38826
31620	3	21388
3445	4	38484
4256	1	8301
37918	3	20093
11363	3	12576
14794	5	37398
12520	1	22264
29289	2	15008
28060	1	27410
31069	3	23228
35968	3	37863
9892	5	11893
20434	5	28991
16806	3	1719
5770	3	22593
802	3	10212
17831	9	22635
5536	5	38451
19114	5	16842
20202	3	22016
7409	3	12646
34250	5	39214
33521	3	35077
20770	5	29009
21315	3	32797
587	5	7120
32196	9	27997
35020	3	40757
28442	3	4402
6465	3	23965
28472	5	6381
34408	5	7495
2284	3	20819
34482	5	2844
22606	5	21795
23844	5	22420
31892	5	2770
35464	3	28636
8869	3	38509
16409	3	12286
30326	3	22657
19943	5	15792
15288	3	3675
24264	3	15866
11561	9	32565
13565	3	38849
18796	3	6467
27391	3	13072
5122	3	37633
20838	9	10464
35217	3	29754
8859	5	47
24592	3	6126
38542	3	11435
8120	3	38407
33677	9	20791
8506	3	28585
26061	8	33214
21302	3	6580
8488	3	7442
2198	3	38849
31186	5	11540
12922	5	3828
38807	2	1524
12226	3	37406
14485	3	20313
36275	9	5199
26121	5	36656
38695	7	20783
4982	3	3131
1929	5	29075
30458	5	18498
15471	5	32599
328	5	1408
14139	3	12669
20680	3	28875
36653	5	24376
11840	5	13280
9658	3	6135
40912	5	18172
38597	1	24968
36904	3	30595
28249	3	23033
27533	7	20145
13510	3	32675
9863	3	9748
10314	5	32220
4178	3	17585
1087	5	27217
33993	3	16077
25485	5	40076
7729	3	15738
4165	3	4890
30846	5	7662
17748	5	10734
7214	5	23310
2355	3	27500
29604	9	39404
25617	5	9770
11756	3	33683
30527	7	20783
26892	3	38849
18416	5	13458
20800	5	322
25901	5	13363
23490	5	17204
8509	5	30775
24812	3	28895
18360	5	21328
31634	3	24834
26119	5	7713
7791	3	3640
21603	5	12973
11452	9	29595
5361	5	27206
30538	9	30621
36271	3	20313
2374	3	27626
29333	3	29754
36953	3	29285
11242	9	24907
31813	5	29244
39092	3	40615
34375	3	17882
25411	3	2151
27253	7	20965
36406	5	2581
26916	5	25223
33795	3	21713
23150	3	26978
28539	5	4130
1250	5	13506
12779	5	11667
31353	3	35717
18030	5	12416
25830	3	35097
22599	3	26195
26341	1	31962
13628	4	31876
6574	5	27328
21545	4	31015
11329	3	7741
11298	5	4415
30419	3	30548
27908	3	13911
17143	3	12649
27659	7	10453
30297	7	3137
33847	3	4549
28934	5	19790
32028	5	27984
2501	1	36274
26052	5	30486
22818	5	21963
7668	3	6981
3261	5	34760
34151	4	16249
13041	5	13313
33979	5	6109
79	5	26114
7084	3	25601
18641	3	2964
14371	5	12295
25772	3	21686
30115	3	35097
3716	3	12903
16079	7	11810
927	5	1198
4974	5	13459
20749	3	27439
39215	7	397
37097	9	25555
22272	3	13054
34184	3	11022
33738	3	3845
22575	5	3945
13971	9	14069
2294	3	26628
36534	5	40331
30768	9	33516
39427	3	36020
25795	9	5726
25478	5	33325
21549	5	27573
11818	5	4829
11844	5	18678
14750	3	33472
35230	1	35105
4039	3	14082
22209	5	21566
14284	3	21165
38066	7	2680
20270	3	2230
21009	9	24558
4440	5	10119
7484	1	38065
27313	5	27799
6969	3	36041
8027	3	16718
23119	3	32093
18728	3	28781
18892	7	2680
20783	1	25696
9097	3	40014
32175	7	10453
17498	7	14318
8816	3	21316
26344	5	10604
16625	9	5835
24581	3	35528
7736	3	19560
28173	3	27235
24688	5	17312
3384	3	34125
18254	3	30156
3504	3	25438
24054	5	31630
16028	5	30077
12687	3	20497
39897	3	18392
29497	0	16365
7198	3	12861
37892	4	33288
11505	5	40891
6672	9	12720
27850	3	21366
40576	9	34300
5739	5	4432
10954	3	2705
13960	3	18868
6787	1	21373
21552	3	32725
22578	3	39992
22040	3	16584
11836	3	840
25492	9	23200
2180	3	20675
16695	3	4126
19962	10	3364
22616	9	8719
5825	1	18244
18854	3	34067
3672	3	8998
3414	1	19696
7806	3	14218
7473	5	19522
8228	5	17570
20908	3	38582
27345	5	18405
27162	3	28781
31694	5	11197
21284	5	9918
15285	5	17241
2348	8	8515
36578	3	5222
35630	9	7288
26072	10	33342
17347	1	35969
11184	5	27419
22178	3	18728
12260	2	18646
14750	5	20712
7013	3	20166
24834	5	15723
10259	3	37504
392	5	26813
20940	5	19954
36568	3	22535
13199	8	40753
10563	3	20192
22232	1	14700
12839	3	17678
3589	7	2680
13043	5	23678
18937	9	36425
22708	3	30252
5955	5	38080
24118	10	3033
21181	3	30156
38210	3	15969
1207	1	6814
10606	3	25617
28607	5	40745
21966	5	35002
929	5	35061
185	5	7049
30693	5	9428
17925	3	38849
11253	3	15447
13623	3	21993
25175	5	31721
11067	2	38170
10631	5	33264
31006	5	34880
8568	3	4402
33917	5	8278
21357	9	39028
36738	5	39525
12725	3	34876
25070	3	37516
10948	3	28518
4079	4	9215
8333	7	20783
24543	9	20170
173	4	34842
25421	3	16460
844	3	36135
35885	5	1162
29483	5	21800
17377	3	37036
19724	3	19027
35929	3	3131
32111	5	19926
24920	3	33003
2678	9	21968
31795	7	22783
5608	8	11358
31419	3	13844
3278	8	32605
21162	9	24702
264	8	29611
13820	5	23315
23542	3	13331
27752	1	35580
27072	3	19508
22397	5	4514
3457	3	26237
15862	5	35454
12599	1	38844
2046	3	23204
7341	4	18195
25527	9	35748
7390	5	8987
34437	1	15597
13298	3	38065
48	3	3131
6502	3	29719
30036	3	17504
27659	4	36633
8441	9	17503
31704	4	19669
22785	5	28835
29497	0	18825
14715	3	37276
39998	5	18212
14695	3	27914
31654	3	19138
10279	3	39249
15126	7	22783
4634	5	5925
1745	7	40845
40312	3	10171
21754	5	24593
24118	10	27316
22997	5	5473
10235	3	7471
32577	7	15908
1067	3	32132
17932	5	17962
5075	9	19067
8797	5	38286
38314	3	12436
6862	8	17757
28555	2	14732
23547	3	21388
40097	5	32077
38892	5	17927
37013	3	39080
39563	3	27489
31333	3	17187
13308	8	26103
40349	5	12445
12353	5	6663
40517	3	38849
23568	3	26726
30138	3	29651
26333	3	6784
12850	5	21642
14603	4	35404
23388	3	478
13746	3	3675
24923	7	22176
36481	3	8316
22303	0	36719
8515	5	7848
34946	5	39186
19555	3	12791
39226	3	9859
27268	3	32284
36958	3	2914
25735	3	4319
28378	3	29505
7385	3	32076
19863	3	9435
658	8	32429
36194	3	23338
11913	5	30858
3563	3	13313
30308	3	38980
36686	5	29737
24629	3	4402
39581	5	11385
36433	5	22963
4445	5	35724
4898	3	28441
8384	5	33644
37065	3	9916
30383	3	8316
38742	9	11423
969	5	8914
878	3	31865
34865	5	23879
35985	5	33277
11694	5	39493
27213	3	17673
32043	3	32812
1064	5	36718
34437	1	4489
11745	5	2620
23940	3	32539
3923	5	23199
36861	3	4901
21986	9	15244
402	5	19028
16509	7	25217
3821	3	13558
32688	3	23818
1103	3	25709
3606	5	17736
18594	5	6109
35653	5	20142
33410	5	7473
21057	3	40092
35911	1	38789
40490	3	38873
5239	3	11079
12845	5	13766
12013	5	30962
22215	5	8657
7239	3	26169
40367	3	38849
36063	5	8685
21799	5	9333
36186	3	9273
15770	5	32851
7816	5	16236
38372	7	32647
36977	9	30221
15999	5	28766
14013	5	30632
36676	3	5403
726	5	29449
7419	3	29009
34063	3	36332
9626	2	12024
35006	5	40433
28874	5	2773
9837	5	8320
33474	5	1152
20425	3	22010
2745	4	25191
19028	8	2769
39043	3	30299
11931	5	10148
34021	5	37844
13198	3	38426
15855	3	10410
9425	3	17057
32570	3	15198
4011	1	27402
29233	4	2825
40329	5	39921
24196	9	24769
19516	5	39921
22580	3	137
15548	3	26422
30095	3	9038
17335	1	4384
28836	3	39643
2297	3	27705
5902	4	15045
12094	1	6189
18211	3	38646
7123	5	1372
26429	3	16888
37027	5	35554
33276	7	20783
33127	3	34181
17644	5	35792
28196	3	31721
24165	5	39951
14914	5	19013
15838	8	5686
12747	3	16362
21484	5	28991
842	9	29037
3309	5	477
5587	1	28381
18467	3	22418
40431	5	18321
10905	3	20156
39119	9	28176
8791	3	18816
38396	5	17832
9154	3	30896
14815	3	12226
6975	3	18078
8014	3	21441
34481	1	27927
15745	5	11997
30732	3	38849
28608	5	19174
31193	9	3042
15688	3	22010
32789	3	33650
32808	3	26858
14826	9	28241
31558	3	4226
30574	3	27268
35312	4	19669
30522	5	24821
9023	3	33683
3267	3	13274
15176	3	15161
39900	3	26794
3022	3	14527
35511	3	40773
1163	3	23677
39951	3	9342
4536	3	37633
30265	3	37979
24908	7	5918
1766	5	7789
40827	3	4604
5409	3	11372
29844	5	16665
1152	5	28993
39559	5	4029
2348	3	37891
34637	5	8011
10976	5	28828
24192	3	40064
39513	3	27610
787	3	15998
25424	1	5696
35248	3	38295
39949	5	9980
19483	3	14171
22146	9	13132
11562	7	20783
4944	1	14791
18381	5	20480
30933	5	1614
21578	9	15081
25458	5	35367
33862	5	31711
14767	3	35902
8240	3	27439
35815	5	26689
8143	3	5209
25394	3	32181
28043	7	6070
26799	5	36873
33633	3	31824
27944	9	13084
13996	4	7980
9210	5	19602
33357	3	25039
40641	5	19414
2742	3	6078
26795	5	30409
18951	5	30579
30416	3	12989
20353	5	18787
37144	3	13851
33995	3	27985
36861	5	2279
24405	5	19172
22303	0	38881
27266	5	8041
10415	3	23965
18933	5	9292
29437	3	17560
38761	9	9148
6598	3	13274
31287	5	23279
35054	1	38507
12849	1	16030
22303	0	3274
4881	3	38849
20131	4	19669
25036	4	40067
39611	1	21473
994	3	5857
4795	5	9414
40615	3	14162
39395	5	4045
17035	3	21316
29340	5	38714
16068	3	31524
10050	5	37018
35368	3	35546
40300	7	15635
28983	5	6565
18983	2	11989
16954	3	35424
8296	3	7714
23607	5	21799
12974	3	29719
23529	5	24101
18817	8	3668
37626	2	17640
35555	5	26688
18181	3	2770
26945	3	26366
20543	3	25950
9855	5	10907
36859	3	35178
12386	5	5260
35244	3	9598
29593	3	27439
29185	5	39121
10572	9	25899
37426	3	36934
40935	5	21051
40525	5	23883
7886	3	18827
7730	3	16602
29561	5	19689
24902	1	14308
34945	8	36609
40365	9	9615
2683	5	35884
24118	10	29854
24118	10	2384
30798	3	38822
13296	3	6201
36118	4	12726
17711	5	26498
26981	4	19669
30812	4	29757
20293	1	15332
4679	3	7130
8768	3	9679
878	1	9728
2806	5	10625
35664	3	27235
33707	5	2330
6616	3	12220
23328	5	4795
26978	1	37839
32048	3	32873
12426	5	34086
30208	5	23295
38377	9	29804
4447	3	12476
35186	3	33748
4621	3	18508
35679	3	32873
21025	5	16423
38338	9	13009
4843	5	15842
10046	4	24041
36790	9	23813
18296	5	12673
29407	7	15908
34938	5	39948
40207	5	18947
40103	3	18903
3307	5	270
38039	7	29953
30838	5	38036
24303	5	7355
23638	9	4777
39974	4	19669
17340	3	6034
30798	5	19862
17074	3	15447
32062	5	13723
20743	5	18257
569	5	9887
38208	3	20850
14802	3	8361
10487	2	18974
34663	3	16568
838	9	32663
11291	3	19917
28916	3	4568
19012	0	35254
13776	5	39555
23502	3	8521
20461	9	34237
11130	3	7473
17121	7	20783
34589	1	25991
36552	3	10877
10287	5	13877
12816	3	15998
20371	5	4997
25652	5	14192
8490	5	28417
23987	1	25136
35578	5	9367
3848	3	34140
16987	5	1451
29299	5	31951
6073	5	9733
19868	3	12763
13976	4	4437
24804	3	38136
2382	3	10573
7063	5	19959
16239	3	1686
38896	5	25958
40165	3	26939
38429	3	8184
35763	5	34855
29478	7	15908
38626	5	35422
23285	3	6876
8660	9	3602
38623	5	6351
32626	5	26053
1122	9	31184
32118	3	12671
17299	3	20743
16423	5	40573
31194	4	11330
13853	3	103
12930	3	39790
36935	10	12566
21763	8	11320
22892	9	5823
8453	8	30066
32491	5	8254
26905	3	8316
23922	5	20869
1984	5	10187
5392	8	23257
22477	5	25780
35866	3	22916
14483	5	19136
2054	4	21355
10171	3	17829
23770	5	13122
20201	5	8228
9553	7	29733
7912	5	38674
25076	3	25601
7833	3	33580
39772	5	1721
15049	3	21821
26282	7	14318
30286	5	12104
19000	8	3330
26254	3	4823
10882	3	38428
20182	0	38067
2678	9	19974
21325	3	2009
5690	5	25392
28122	3	13795
2487	3	38099
6299	3	2119
25214	9	15331
40360	5	12397
22915	3	9666
19192	8	22219
3167	5	5983
37482	5	11133
1375	5	19147
25097	3	33884
36415	5	17989
23086	3	11115
22874	7	9666
13304	5	24325
14376	10	17928
36351	5	19917
25592	7	39944
18393	3	37888
8072	5	1391
16747	3	21365
33815	3	36612
36793	7	16538
14644	9	19882
14101	3	21311
3695	3	4402
34331	4	21985
9634	1	3073
16797	5	13173
35325	1	31789
22361	5	11412
31561	3	29671
20216	3	3422
651	3	23110
24760	3	22992
18594	5	35289
9528	9	3086
4792	5	31955
18250	5	40854
12691	3	25069
20370	3	19648
26535	3	29622
38106	5	30194
18543	2	36350
3738	9	3979
33963	5	8713
9562	9	30653
40632	5	13624
25412	5	8560
8485	3	14815
9541	5	26456
8414	5	18750
37478	3	8508
1231	1	18832
38386	3	37633
28256	5	7745
10577	1	16410
16443	9	17450
28551	3	10605
21806	2	36459
608	5	22992
38563	7	8368
15368	3	18903
22303	0	4124
4244	5	8778
38082	3	19027
30733	1	3957
31750	5	615
33532	5	22337
12210	5	14695
3112	3	33094
3471	3	16073
15924	3	34503
17377	5	23701
19012	0	17792
31313	2	16631
598	5	36865
17290	5	6388
36190	5	34625
8529	5	15920
18342	9	35841
36105	5	35979
7813	2	26641
6334	7	31248
6904	3	38259
13222	5	30963
9604	7	11810
39575	3	36709
19951	9	33167
25670	5	16016
22528	3	32048
20992	4	34842
21522	3	6072
22303	0	23205
38747	3	29316
18983	5	282
24722	3	35897
30979	5	5279
26979	5	3100
18304	3	32174
17717	3	11113
3024	9	35954
8578	5	14454
26663	5	34493
15208	5	14728
6838	5	12238
29619	5	12176
23913	3	22242
22164	5	17134
10441	3	17978
35367	5	2947
30378	3	36771
39523	5	17385
23654	3	12638
25441	5	11564
8536	5	17785
34527	3	31218
1687	1	38935
8663	7	22783
38172	4	12726
21550	5	31019
24828	5	8360
32926	9	36056
23707	5	27484
4603	5	31380
23340	5	7820
17644	5	7794
34069	5	27601
1051	5	28092
40136	2	2131
11409	5	26994
27776	1	31136
18646	2	34972
4305	5	6610
10866	3	491
23234	5	37601
34333	9	28832
19099	3	29655
13408	3	21366
8674	3	37238
28834	5	5955
38421	8	24975
38899	3	28238
32693	3	5518
12240	4	19669
17658	3	17419
34967	4	36633
10426	1	28749
18609	3	24234
34748	9	35505
37571	3	32779
28591	5	16863
11554	4	16915
12800	5	27647
19893	3	36606
1179	4	4194
14726	9	11958
21544	3	18479
35837	9	6313
36406	3	4696
16835	3	25798
14939	4	35404
21405	5	9745
4431	5	11632
10319	5	36661
22017	5	22024
29389	5	36780
9619	2	21090
8381	5	32220
5684	3	2890
18740	3	8361
18844	3	4336
39625	3	4905
7110	9	37472
22362	3	1307
603	5	2152
26969	3	17673
29125	3	30676
23172	3	31069
30346	5	9878
13554	5	14476
11793	3	33855
17724	9	33449
26072	10	10097
12670	1	9872
15358	3	12770
13490	5	33443
30104	5	19350
10628	5	14327
5317	3	32873
15443	3	32390
22976	5	19409
26266	3	35914
30768	9	22432
28658	5	7878
24557	5	17481
17459	3	6692
2501	1	34557
20213	5	29585
7666	5	25111
1127	3	19999
39440	3	14596
17621	5	26481
32690	3	29535
8127	0	2560
2437	3	27877
8993	2	23570
32142	5	34707
40044	4	7980
16507	3	19804
34974	4	36633
8560	5	34426
39388	5	13397
28741	5	14127
16028	5	25926
38036	5	34106
10836	9	36757
27777	3	10062
26072	1	40613
36075	4	10310
36615	3	9494
25755	4	27806
17271	1	35269
4340	3	35787
20238	3	8200
4860	3	5708
18884	3	20330
30215	3	35902
13085	1	28951
25906	3	27568
13890	7	2680
8363	3	28634
36255	3	16978
7162	3	30635
39475	3	26684
19669	9	38243
24118	10	20970
35971	3	38849
33	3	23610
34533	3	10743
31122	5	12143
27557	5	40138
37051	9	39600
21249	5	34656
4368	1	15496
22303	0	1578
15588	3	23946
4921	5	24748
31556	7	20783
18952	8	3289
22507	3	14596
17442	7	20783
39816	3	6461
30998	3	21111
7434	1	13058
14701	5	14641
26697	3	12947
24002	3	15854
5551	1	27405
5731	3	39210
35644	3	13659
880	3	27802
35871	5	7483
37595	3	32050
38282	5	27499
29533	5	21557
14951	9	32255
15718	5	12353
23683	5	38780
18513	5	26075
29894	3	10445
7067	4	8586
38194	1	16781
20029	9	28647
3448	5	1682
21696	3	22261
26794	2	12763
26553	9	10810
25975	5	30385
20092	3	26501
9176	3	21365
22797	3	37633
32813	3	30672
4734	5	5947
29600	3	1330
19269	3	18838
31431	3	11059
5601	4	8489
17637	3	12763
1021	5	26223
25542	3	27840
20880	5	14782
16671	3	23032
12238	5	31113
15118	3	986
1744	5	9886
27693	5	33722
27236	5	20724
33966	7	12555
4775	5	20912
15320	3	2009
64	4	24190
24879	3	8523
38100	3	40151
19931	5	4734
4733	5	32201
27410	3	25334
34120	3	10237
26373	0	32785
30050	3	38426
37913	3	8339
3162	3	34953
31846	5	21365
28007	4	10715
22407	7	16277
10528	5	22258
3942	5	31870
36691	9	17125
30761	5	5444
8044	5	6589
1087	5	27276
34096	5	14787
35885	3	26628
14972	5	35535
4664	9	30618
37592	3	23967
28008	5	23336
37893	3	8316
7158	3	7657
9779	7	29213
9456	4	26371
31858	3	37406
30747	5	9898
16201	4	31876
17448	5	5363
8964	8	2251
3472	3	35131
37723	5	23536
25857	5	11120
14350	9	5604
9761	5	23365
37343	5	5092
30997	5	19987
17660	5	947
10107	7	15277
14946	3	35914
8545	7	12106
30128	3	37633
23686	1	13893
9855	5	37466
40921	1	18025
14773	2	19020
846	5	15065
35150	5	34080
8525	5	7429
13179	9	29382
